6_23_22 13, 5, 9, 1, 14, 6
2_11_04 5, 13
3_5_16 10, 2, 6
4_26_10 8, 16, 4, 12
4_9_12 9, 1, 5, 13
5_18_10 6, 14, 2, 10, 3
3_20_22 8, 16, 12
2_7_00 2, 10
3_6_06 1, 9, 13
6_20_12 7, 15, 3, 11, 4, 12
8_4_20 11, 3, 7, 15, 12, 4, 8, 16
7_14_16 12, 4, 8, 16, 5, 13, 1
8_12_20 13, 5, 9, 1, 14, 6, 10, 2
7_7_06 5, 13, 1, 9, 14, 6, 10
3_21_06 5, 13, 1
8_8_06 5, 13, 1, 9, 6, 14, 2, 10
2_24_06 1, 9
6_11_04 5, 13, 1, 9, 6, 14
3_22_02 15, 7, 11
2_26_22 10, 2
2_18_06 16, 8
4_17_06 4, 12, 16, 8
1_28_00 7
7_17_02 2, 10, 14, 6, 3, 11, 15
8_18_20 11, 3, 7, 15, 12, 4, 8, 16
6_28_06 6, 14, 2, 10, 3, 11
8_4_12 7, 15, 3, 11, 8, 16, 4, 12
4_13_06 7, 15, 3, 11
5_13_04 6, 14, 2, 10, 3
5_26_10 8, 16, 4, 12, 5
8_16_22 15, 7, 11, 3, 12, 4, 8, 16
5_14_18 13, 5, 9, 1, 6
7_21_02 3, 11, 15, 7, 4, 12, 16
3_5_04 4, 12, 16
2_15_02 5, 13
2_1_14 8, 16
7_16_10 9, 1, 5, 13, 10, 2, 6
7_13_10 9, 1, 5, 13, 6, 14, 2
7_16_18 13, 5, 9, 1, 14, 6, 10
5_17_22 12, 4, 8, 16, 13
1_8_14 13
7_10_20 13, 5, 9, 1, 10, 2, 6
5_9_12 9, 1, 5, 13, 10
6_13_10 9, 1, 5, 13, 6, 14
5_20_04 3, 11, 15, 7, 8
7_24_00 2, 10, 14, 6, 7, 15, 3
6_2_10 6, 14, 2, 10, 3, 11
8_19_22 12, 4, 8, 16, 13, 5, 9, 1
3_27_18 12, 4, 16
5_14_12 10, 2, 6, 14, 3
6_22_18 11, 3, 7, 15, 8, 16
1_3_22 4
8_31_00 4, 12, 16, 8, 1, 9, 13, 5
8_17_02 2, 10, 14, 6, 3, 11, 15, 7
6_9_14 10, 2, 6, 14, 11, 3
6_16_22 15, 7, 11, 3, 8, 16
3_19_18 10, 2, 14
6_2_18 10, 2, 6, 14, 7, 15
6_26_12 9, 1, 5, 13, 6, 14
7_5_14 9, 1, 5, 13, 10, 2, 6
8_23_06 5, 13, 1, 9, 6, 14, 2, 10
1_15_16 4
4_12_08 7, 15, 3, 11
8_11_18 12, 4, 8, 16, 13, 5, 9, 1
6_28_14 10, 2, 6, 14, 7, 15
6_21_02 3, 11, 15, 7, 4, 12
7_26_10 8, 16, 4, 12, 5, 13, 1
7_23_02 3, 11, 15, 7, 12, 4, 8
3_31_14 11, 3, 15
8_9_14 10, 2, 6, 14, 11, 3, 7, 15
3_18_02 14, 6, 10
6_18_18 10, 2, 6, 14, 7, 15
6_26_14 10, 2, 6, 14, 7, 15
5_8_20 12, 4, 8, 16, 1
8_28_10 8, 16, 4, 12, 9, 1, 5, 13
6_30_04 6, 14, 2, 10, 15, 7
1_16_10 13
6_24_08 6, 14, 2, 10, 3, 11
2_5_00 2, 10
2_11_08 7, 15
2_26_16 7, 15
6_18_20 11, 3, 7, 15, 8, 16
5_27_18 12, 4, 8, 16, 5
4_28_00 3, 11, 15, 7
1_18_12 3
1_13_00 4
3_4_16 5, 13, 9
6_18_16 9, 1, 5, 13, 6, 14
5_24_16 10, 2, 6, 14, 15
3_12_08 3, 11, 7
5_30_04 6, 14, 2, 10, 15
8_24_14 9, 1, 5, 13, 10, 2, 6, 14
8_11_22 14, 6, 10, 2, 15, 7, 11, 3
3_14_08 4, 12, 16
7_15_12 10, 2, 6, 14, 15, 7, 11
5_19_00 1, 9, 13, 5, 10
1_7_14 1
2_26_20 9, 1
4_23_18 11, 3, 7, 15
6_20_10 6, 14, 2, 10, 3, 11
3_22_14 5, 13, 1
5_28_20 13, 5, 9, 1, 2
2_6_06 1, 9
2_23_02 3, 11
5_11_06 6, 14, 2, 10, 15
6_24_20 12, 4, 8, 16, 9, 1
1_15_18 5
4_5_14 9, 1, 5, 13
6_10_22 14, 6, 10, 2, 11, 3
4_1_18 10, 2, 6, 14
7_16_12 10, 2, 6, 14, 11, 3, 7
7_27_02 4, 12, 16, 8, 13, 5, 9
4_9_10 8, 16, 4, 12
5_4_12 7, 15, 3, 11, 12
8_30_18 13, 5, 9, 1, 10, 2, 6, 14
1_12_12 13
1_25_04 5
3_8_22 9, 1, 13
5_13_02 5, 13, 1, 9, 2
8_2_06 4, 12, 16, 8, 5, 13, 1, 9
7_5_00 2, 10, 14, 6, 3, 11, 15
7_15_16 12, 4, 8, 16, 1, 9, 13
3_23_20 12, 4, 16
2_31_04 6, 14
5_21_10 7, 15, 3, 11, 8
4_10_14 10, 2, 6, 14
2_15_08 8, 16
3_21_22 13, 5, 9
6_1_20 11, 3, 7, 15, 12, 4
1_12_08 11
8_31_08 8, 16, 4, 12, 5, 13, 1, 9
7_24_08 6, 14, 2, 10, 11, 3, 7
6_30_02 5, 13, 1, 9, 14, 6
4_2_02 2, 10, 14, 6
6_17_12 7, 15, 3, 11, 8, 16
8_14_08 8, 16, 4, 12, 5, 13, 1, 9
4_16_04 6, 14, 2, 10
8_29_20 14, 6, 10, 2, 11, 3, 7, 15
8_27_04 5, 13, 1, 9, 6, 14, 2, 10
2_27_08 7, 15
2_9_04 5, 13
6_1_02 2, 10, 14, 6, 3, 11
4_28_12 9, 1, 5, 13
1_22_16 6
6_14_16 12, 4, 8, 16, 5, 13
7_27_10 8, 16, 4, 12, 1, 9, 13
4_29_02 5, 13, 1, 9
2_22_02 15, 7
4_18_12 7, 15, 3, 11
4_23_16 10, 2, 6, 14
6_20_20 11, 3, 7, 15, 8, 16
7_3_06 4, 12, 16, 8, 13, 5, 9
5_11_12 9, 1, 5, 13, 2
1_5_18 11
4_10_16 11, 3, 7, 15
8_31_12 10, 2, 6, 14, 7, 15, 3, 11
7_5_12 8, 16, 4, 12, 9, 1, 5
1_25_00 3
8_1_10 6, 14, 2, 10, 7, 15, 3, 11
1_24_04 8
8_29_16 12, 4, 8, 16, 9, 1, 5, 13
1_10_14 6
8_22_08 6, 14, 2, 10, 7, 15, 3, 11
3_27_20 13, 5, 1
8_14_16 12, 4, 8, 16, 9, 1, 5, 13
2_24_12 4, 12
1_2_08 1
5_24_06 5, 13, 1, 9, 10
2_28_22 10, 2
1_7_22 5
5_19_18 10, 2, 6, 14, 3
7_11_02 4, 12, 16, 8, 13, 5, 9
8_6_08 6, 14, 2, 10, 7, 15, 3, 11
4_4_18 10, 2, 6, 14
4_4_10 6, 14, 2, 10
2_2_22 8, 16
7_17_22 12, 4, 8, 16, 13, 5, 9
8_13_10 9, 1, 5, 13, 6, 14, 2, 10
5_26_08 7, 15, 3, 11, 4
8_21_20 12, 4, 8, 16, 13, 5, 9, 1
1_16_22 3
1_31_16 4
4_15_02 5, 13, 1, 9
6_14_18 13, 5, 9, 1, 6, 14
2_22_12 4, 12
6_28_12 9, 1, 5, 13, 6, 14
4_30_06 7, 15, 3, 11
1_4_18 14
6_1_00 1, 9, 13, 5, 2, 10
5_19_22 12, 4, 8, 16, 5
6_8_16 10, 2, 6, 14, 7, 15
2_3_02 2, 10
5_30_02 5, 13, 1, 9, 14
4_25_06 6, 14, 2, 10
5_15_22 15, 7, 11, 3, 4
1_5_16 10
1_21_04 4
7_11_04 5, 13, 1, 9, 14, 6, 10
7_24_14 9, 1, 5, 13, 14, 6, 10
6_10_18 12, 4, 8, 16, 9, 1
5_15_16 12, 4, 8, 16, 1
4_22_16 10, 2, 6, 14
1_10_18 8
7_29_00 4, 12, 16, 8, 1, 9, 13
5_2_02 2, 10, 14, 6, 15
7_15_08 8, 16, 4, 12, 13, 5, 9
4_22_22 13, 5, 9, 1
8_16_16 12, 4, 8, 16, 9, 1, 5, 13
1_29_18 13
3_12_06 2, 10, 6
8_4_04 3, 11, 15, 7, 4, 12, 16, 8
7_15_22 15, 7, 11, 3, 4, 12, 16
4_27_16 11, 3, 7, 15
6_18_10 6, 14, 2, 10, 3, 11
1_17_04 3
6_27_10 8, 16, 4, 12, 9, 1
1_4_10 10
5_12_16 11, 3, 7, 15, 16
4_15_00 4,12, 16, 8
1_10_22 10
6_5_04 4, 12, 16, 8, 5, 13
1_2_12 3
3_24_08 2, 10, 6
6_3_02 2, 10, 14, 6, 3, 11
2_28_18 8, 16
7_2_10 6, 14, 2, 10, 3, 11, 15
4_7_06 5, 13, 1, 9
1_2_00 13
3_10_20 9, 1, 5
3_28_06 2, 10, 6
7_2_08 5, 13, 1, 9, 2, 10, 14
1_5_14 9
3_6_08 2, 10, 14
7_18_12 7, 15, 3, 11, 4, 12, 16
2_16_12 6, 14
3_3_08 5, 13, 9
1_14_00 16
1_26_04 1
7_5_18 11, 3, 7, 15, 12, 4, 8
8_28_02 4, 12, 16, 8, 5, 13, 1, 9
6_18_12 7, 15, 3, 11, 4, 12
4_5_16 10, 2, 6, 14
2_21_10 7, 15
4_21_06 5, 13, 1, 9
7_22_20 12, 4, 8, 16, 9, 1, 5
1_14_06 3
5_25_06 6, 14, 2, 10, 7
5_2_14 8, 16, 4, 12, 5
5_30_06 7, 15, 3, 11, 16
5_31_06 7, 15, 3, 11, 12
3_12_14 6, 14, 10
5_4_20 11, 3, 7, 15, 16
5_23_08 6, 14, 2, 10, 15
7_18_06 4, 12, 16, 8, 1, 9, 13
8_26_22 14, 6, 10, 2, 15, 7, 11, 3
2_25_20 13, 5
7_26_14 10, 2, 6, 14, 7, 15, 3
6_11_02 4, 12, 16, 8, 5, 13
2_6_12 4, 12
6_11_00 3, 11, 15, 7, 4, 12
8_13_12 10, 2, 6, 14, 7, 15, 3, 11
5_2_18 10, 2, 6, 14, 7
8_6_20 12, 4, 8, 16, 13, 5, 9, 1
2_21_12 8, 16
1_11_02 12
5_16_06 7, 15, 3, 11, 8
3_23_08 6, 14, 10
1_4_20 15
2_18_00 13, 5
4_24_16 10, 2, 6, 14
1_27_10 16
4_9_16 11, 3, 7, 15
5_17_10 6, 14, 2, 10, 7
3_4_18 6, 14, 10
6_27_04 5, 13, 1, 9, 6, 14
4_18_10 6, 14, 2, 10
4_21_10 7, 15, 3, 11
7_4_02 2, 10, 14, 6, 7, 15, 3
3_11_16 11, 3, 15
1_7_20 4
1_8_18 15
6_23_12 8, 16, 4, 12, 9, 1
5_23_06 5, 13, 1, 9, 14
3_2_20 7, 15, 3
6_25_04 5, 13, 1, 9, 6, 14
6_12_20 13, 5, 9, 1, 10, 2
2_31_00 4,12
2_10_20 9, 1
8_11_02 4, 12, 16, 8, 5, 13, 1, 9
7_31_18 13, 5, 9, 1, 2, 10, 14
4_14_12 10, 2, 6, 14
1_8_02 7
8_22_10 7, 15, 3, 11, 8, 16, 4, 12
5_23_20 12, 4, 8, 16, 5
2_19_12 7, 15
4_9_04 5, 13, 1, 9
1_28_16 15
7_24_10 7, 15, 3, 11, 12, 4, 8
