7_10_14 10, 2, 6, 14, 7, 15, 3
5_31_04 6, 14, 2, 10, 11
6_10_08 7, 15, 3, 11, 4, 12
3_30_00 16, 8, 12
3_5_16 10, 2, 6
4_23_02 3, 11, 15, 7
4_16_06 7, 15, 3, 11
6_12_08 7, 15, 3, 11, 4, 12
8_3_08 5, 13, 1, 9, 6, 14, 2, 10
7_5_14 9, 1, 5, 13, 10, 2, 6
1_23_12 16
6_1_08 5, 13, 1, 9, 6, 14
5_27_22 14, 6, 10, 2, 7
4_14_18 13, 5, 9, 1
7_30_04 6, 14, 2, 10, 15, 7, 11
6_23_12 8, 16, 4, 12, 9, 1
3_20_18 6, 14, 10
6_26_10 8, 16, 4, 12, 5, 13
4_17_00 1, 9, 13, 5
8_7_06 5, 13, 1, 9, 6, 14, 2, 10
8_18_02 2, 10, 14, 6, 3, 11, 15, 7
1_14_20 10
1_19_06 12
1_14_00 16
2_16_16 8, 16
4_4_02 2, 10, 14, 6
3_17_00 1, 9, 13
8_22_22 13, 5, 9, 1, 14, 6, 10, 2
7_12_18 12, 4, 8, 16, 1, 9, 13
6_6_14 9, 1, 5, 13, 6, 14
1_24_16 14
1_21_22 13
8_17_22 12, 4, 8, 16, 13, 5, 9, 1
1_15_16 4
2_7_20 12, 4
5_31_22 15, 7, 11, 3, 4
8_19_08 5, 13, 1, 9, 6, 14, 2, 10
4_21_08 6, 14, 2, 10
4_1_22 12, 4, 8, 16
1_10_16 7
8_25_20 13, 5, 9, 1, 14, 6, 10, 2
6_15_04 6, 14, 2, 10, 3, 11
1_7_18 3
4_6_10 7, 15, 3, 11
4_22_14 9, 1, 5, 13
1_17_08 5
2_13_16 12, 4
7_29_12 10, 2, 6, 14, 7, 15, 3
1_12_14 14
2_22_18 7, 15
5_16_22 15, 7, 11, 3, 16
4_30_08 8, 16, 4, 12
1_6_06 1
6_8_06 5, 13, 1, 9, 2, 10
2_19_02 2, 10
2_31_12 10, 2
4_5_20 12, 4, 8, 16
5_31_00 4, 12, 16, 8, 9
2_12_00 15, 7
2_7_22 13, 5
6_7_20 12, 4, 8, 16, 13, 5
3_13_18 13, 5, 9
6_12_16 11, 3, 7, 15, 8, 16
6_18_10 6, 14, 2, 10, 3, 11
6_8_10 7, 15, 3, 11, 4, 12
3_2_18 6, 14, 2
7_22_22 13, 5, 9, 1, 10, 2, 6
7_6_16 10, 2, 6, 14, 7, 15, 3
4_10_08 7, 15, 3, 11
7_3_12 7, 15, 3, 11, 16, 8, 12
8_8_20 12, 4, 8, 16, 13, 5, 9, 1
6_7_02 3, 11, 15, 7, 4, 12
2_7_14 9, 1
8_15_00 4, 12, 16, 8, 1, 9, 13, 5
4_13_00 4,12, 16, 8
5_26_12 9, 1, 5, 13, 6
7_27_08 7, 15, 3, 11, 16, 8, 12
3_19_16 9, 1, 13
4_6_14 9, 1, 5, 13
8_25_08 7, 15, 3, 11, 8, 16, 4, 12
3_15_16 12, 4, 16
5_2_14 8, 16, 4, 12, 5
1_3_04 11
1_22_10 3
2_15_00 4,12
5_5_14 9, 1, 5, 13, 10
3_15_00 4,12, 8
6_2_22 12, 4, 8, 16, 9, 1
7_11_14 10, 2, 6, 14, 3, 11, 15
4_4_16 9, 1, 5, 13
1_25_20 13
8_29_04 6, 14, 2, 10, 3, 11, 15, 7
1_16_12 14
5_8_12 8, 16, 4, 12, 13
4_25_20 13, 5, 9, 1
2_19_18 10, 2
5_20_04 3, 11, 15, 7, 8
4_25_08 7, 15, 3, 11
4_2_18 10, 2, 6, 14
4_20_02 2, 10, 14, 6
2_9_14 10, 2
2_1_08 5, 13
6_8_04 4, 12, 16, 8, 1, 9
1_22_14 5
4_30_10 9, 1, 5, 13
6_31_22 15, 7, 11, 3, 12, 4
1_31_16 4
5_24_16 10, 2, 6, 14, 15
7_8_22 13, 5, 9, 1, 2, 10, 14
7_11_00 3, 11, 15, 7, 12, 4, 8
5_9_02 4, 12, 16, 8, 5
8_19_22 12, 4, 8, 16, 13, 5, 9, 1
5_7_18 11, 3, 7, 15, 4
5_26_20 13, 5, 9, 1, 10
4_17_18 10, 2, 6, 14
6_2_02 2, 10, 14, 6, 15, 7
8_26_12 9, 1, 5, 13, 10, 2, 6, 14
6_3_00 1, 9, 13, 5, 2, 10
7_10_20 13, 5, 9, 1, 10, 2, 6
8_6_00 2, 10, 14, 6, 3, 11, 15, 7
8_25_16 11, 3, 7, 15, 12, 4, 8, 16
1_15_00 12
8_20_14 8, 16, 4, 12, 9, 1, 5, 13
3_25_06 6, 14, 2
4_13_06 7, 15, 3, 11
3_7_08 6, 14, 10
7_8_10 7, 15, 3, 11, 12, 4, 8
7_12_22 14, 6, 10, 2, 3, 11, 15
5_14_04 6, 14, 2, 10, 15
3_15_12 10, 2, 14
2_7_06 5, 13
5_28_12 9, 1, 5, 13, 14
1_11_16 3
7_19_18 10, 2, 6, 14, 3, 11, 15
8_25_04 5, 13, 1, 9, 6, 14, 2, 10
6_27_06 6, 14, 2, 10, 7, 15
5_3_18 10, 2, 6, 14, 3
3_17_04 3, 11, 15
8_24_04 4, 12, 16, 8, 5, 13, 1, 9
8_4_16 9, 1, 5, 13, 10, 2, 6, 14
2_1_04 3, 11
5_16_18 13, 5, 9, 1, 14
2_28_06 2, 10
4_23_04 4, 12, 16, 8
4_28_16 11, 3, 7, 15
8_4_12 7, 15, 3, 11, 8, 16, 4, 12
5_28_22 14, 6, 10, 2, 3
1_30_22 11
8_1_22 12, 4, 8, 16, 13, 5, 9, 1
2_27_08 7, 15
7_7_04 4, 12, 16, 8, 13, 5, 9
8_1_00 1, 9, 13, 5, 2, 10, 14, 6
3_16_16 8, 16, 12
4_30_06 7, 15, 3, 11
6_1_04 3, 11, 15, 7, 4, 12
4_26_08 7, 15, 3, 11
2_15_02 5, 13
3_22_14 5, 13, 1
8_19_20 11, 3, 7, 15, 12, 4, 8, 16
5_4_02 2, 10, 14, 6, 7
3_26_08 3, 11, 15
7_8_08 6, 14, 2, 10, 11, 3, 7
4_10_04 5, 13, 1, 9
4_28_20 13, 5, 9, 1
8_2_04 3, 11, 15, 7, 4, 12, 16, 8
6_14_04 6, 14, 2, 10, 15, 7
1_10_06 2
3_20_06 16, 8, 4
7_3_10 6, 14, 2, 10, 15, 7, 11
5_14_18 13, 5, 9, 1, 6
2_22_22 9, 1
6_8_08 6, 14, 2, 10, 3, 11
4_26_14 10, 2, 6, 14
2_9_18 12, 4
5_17_00 1, 9, 13, 5, 2
5_17_14 8, 16, 4, 12, 9
1_23_00 10
5_24_02 3, 11, 15, 7, 8
6_5_08 6, 14, 2, 10, 7, 15
4_31_18 13, 5, 9, 1
5_8_06 5, 13, 1, 9, 10
7_12_20 13, 5, 9, 1, 2, 10, 14
8_27_22 14, 6, 10, 2, 15, 7, 11, 3
8_21_00 2, 10, 14, 6, 3, 11, 15, 7
2_17_12 7, 15
3_23_22 13, 5, 1
4_21_16 10, 2, 6, 14
7_4_20 11, 3, 7, 15, 16, 8, 12
1_11_10 16
5_18_12 7, 15, 3, 11, 4
7_9_12 9, 1, 5, 13, 10, 2, 6
8_12_02 4, 12, 16, 8, 5, 13, 1, 9
1_1_18 10
2_26_04 1, 9
8_6_04 4, 12, 16, 8, 5, 13, 1, 9
2_30_12 6, 14
2_20_08 1, 9
5_28_20 13, 5, 9, 1, 2
3_21_22 13, 5, 9
1_26_20 9
2_7_10 7, 15
8_2_10 6, 14, 2, 10, 7, 15, 3, 11
1_17_22 12
1_8_22 1
4_31_00 4,12, 16, 8
7_4_12 7, 15, 3, 11, 12, 4, 8
3_29_12 10, 2, 6
3_5_00 2, 10, 14
3_30_22 11, 3, 7
3_19_14 8, 16, 12
6_9_10 8, 16, 4, 12, 9, 1
4_17_22 12, 4, 8, 16
1_4_06 8
6_24_10 7, 15, 3, 11, 4, 12
2_28_10 4, 12
7_10_00 3, 11, 15, 7, 16, 8, 12
2_20_06 16, 8
3_29_00 4,12, 16
8_29_06 7, 15, 3, 11, 4, 12, 16, 8
6_12_10 8, 16, 4, 12, 5, 13
1_13_20 14
4_3_04 3, 11, 15, 7
3_16_08 4, 12, 8
3_3_14 8, 16, 12
6_30_22 15, 7, 11, 3, 8, 16
2_11_10 8, 16
4_23_20 12, 4, 8, 16
1_17_10 6
5_10_16 11, 3, 7, 15, 8
6_19_04 3, 11, 15, 7, 4, 12
1_11_08 15
7_14_10 9, 1, 5, 13, 2, 10, 14
8_25_22 14, 6, 10, 2, 15, 7, 11, 3
3_6_12 4, 12, 16
8_21_08 6, 14, 2, 10, 7, 15, 3, 11
2_3_14 8, 16
1_16_00 8
8_25_00 3, 11, 15, 7, 4, 12, 16, 8
3_26_10 4, 12, 16
2_2_10 2, 10
7_5_16 10, 2, 6, 14, 11, 3, 7
4_20_16 9, 1, 5, 13
2_26_08 3, 11
3_4_08 1, 9, 5
8_17_20 11, 3, 7, 15, 12, 4, 8, 16
7_21_16 10, 2, 6, 14, 11, 3, 7
6_29_08 8, 16, 4, 12, 5, 13
3_13_00 4,12, 16
3_28_14 6, 14, 10
4_20_04 3, 11, 15, 7
4_8_08 6, 14, 2, 10
4_5_12 8, 16, 4, 12
5_20_08 5, 13, 1, 9, 10
5_23_20 12, 4, 8, 16, 5
8_18_08 5, 13, 1, 9, 6, 14, 2, 10
3_7_00 2, 10, 6
5_4_04 3, 11, 15, 7, 8
5_6_14 9, 1, 5, 13, 6
2_27_14 10, 2
4_7_22 13, 5, 9, 1
4_21_14 9, 1, 5, 13
1_5_20 12
8_27_08 7, 15, 3, 11, 8, 16, 4, 12
3_1_00 1, 9, 13
8_10_20 13, 5, 9, 1, 14, 6, 10, 2
2_27_20 13, 5
2_21_20 12, 4
4_11_18 12, 4, 8, 16
1_20_12 11
3_3_00 1, 9, 5
1_17_16 9
6_10_12 9, 1, 5, 13, 6, 14
3_6_18 7, 15, 3
7_24_02 3, 11, 15, 7, 8, 16, 4
5_10_12 9, 1, 5, 13, 6
8_8_02 3, 11, 15, 7, 4, 12, 16, 8
1_21_02 3
1_18_04 15
5_24_22 13, 5, 9, 1, 2
1_12_16 15
8_11_08 7, 15, 3, 11, 8, 16, 4, 12
4_24_08 6, 14, 2, 10
8_8_06 5, 13, 1, 9, 6, 14, 2, 10
4_28_04 5, 13, 1, 9
5_2_10 6, 14, 2, 10, 3
2_24_20 8, 16
7_25_14 10, 2, 6, 14, 11, 3, 7
7_2_22 12, 4, 8, 16, 9, 1, 5
4_24_10 7, 15, 3, 11
4_14_12 10, 2, 6, 14
7_31_22 15, 7, 11, 3, 4, 12, 16
7_30_12 10, 2, 6, 14, 3, 11, 15
8_25_18 12, 4, 8, 16, 13, 5, 9, 1
7_27_06 6, 14, 2, 10, 15, 7, 11
7_17_02 2, 10, 14, 6, 3, 11, 15
4_15_14 11, 3, 7, 15
2_29_06 7, 15
6_12_00 3, 11, 15, 7, 16, 8
8_7_20 12, 4, 8, 16, 13, 5, 9, 1
2_4_16 5, 13
1_19_10 14
5_2_04 3, 11, 15, 7, 16
5_8_04 4, 12, 16, 8, 9
5_1_10 6, 14, 2, 10, 7
2_28_18 8, 16
1_18_06 16
6_1_12 7, 15, 3, 11, 8, 16
4_20_20 11, 3, 7, 15
3_12_02 16, 8, 4
1_24_18 15
3_10_14 6, 14, 2
4_1_00 1, 9, 13, 5
8_14_12 10, 2, 6, 14, 7, 15, 3, 11
4_9_02 4, 12, 16, 8
4_18_16 9, 1, 5, 13
4_5_14 9, 1, 5, 13
1_29_22 15
1_31_14 3
2_19_20 11, 3
1_28_12 13
5_11_06 6, 14, 2, 10, 15
7_25_20 13, 5, 9, 1, 14, 6, 10
4_5_08 6, 14, 2, 10
4_14_10 9, 1, 5, 13
1_3_08 13
7_11_22 14, 6, 10, 2, 7, 15, 3
6_23_02 3, 11, 15, 7, 4, 12
5_19_06 4, 12, 16, 8, 13
8_30_18 13, 5, 9, 1, 10, 2, 6, 14
7_7_14 9, 1, 5, 13, 2, 10, 14
1_10_00 15
8_22_14 9, 1, 5, 13, 10, 2, 6, 14
7_27_16 11, 3, 7, 15, 4, 12, 16
5_20_18 10, 2, 6, 14, 15
4_31_02 5, 13, 1, 9
4_19_20 11, 3, 7, 15
7_18_10 6, 14, 2, 10, 3, 11, 15
3_6_10 3, 11, 15
2_25_04 5, 13
7_5_22 13, 5, 9, 1, 14, 6, 10
8_9_22 14, 6, 10, 2, 15, 7, 11, 3
7_29_08 8, 16, 4, 12, 5, 13, 1
2_14_00 16, 8
8_4_22 12, 4, 8, 16, 13, 5, 9, 1
8_9_00 3, 11, 15, 7, 4, 12, 16, 8
2_23_08 6, 14
5_29_04 6, 14, 2, 10, 3
3_30_14 7, 15, 3
2_17_10 6, 14
3_11_00 3, 11, 7
6_12_06 6, 14, 2, 10, 3, 11
2_10_10 4, 12
8_16_08 8, 16, 4, 12, 5, 13, 1, 9
3_29_14 11, 3, 7
5_29_14 11, 3, 7, 15, 8
2_4_22 8, 16
5_21_06 5, 13, 1, 9, 6
8_19_06 4, 12, 16, 8, 5, 13, 1, 9
1_8_12 12
5_18_06 4, 12, 16, 8, 1
3_23_06 5, 13, 9
3_4_22 8, 16, 12
5_14_10 9, 1, 5, 13, 2
5_31_20 14, 6, 10, 2, 3
4_23_14 9, 1, 5, 13
4_25_14 10, 2, 6, 14
4_7_20 12, 4, 8, 16
2_10_00 15, 7
3_23_00 2, 10, 6
2_20_02 14, 6
6_12_02 4, 12, 16, 8, 1, 9
8_31_14 11, 3, 7, 15, 8, 16, 4, 12
5_31_02 5, 13, 1, 9, 10
2_8_02 15, 7
5_4_06 4, 12, 16, 8, 9
6_19_16 9, 1, 5, 13, 10, 2
7_24_22 13, 5, 9, 1, 2, 10, 14
1_14_16 8
1_19_20 3
2_8_00 14, 6
3_31_02 5, 13, 9
8_14_10 9, 1, 5, 13, 6, 14, 2, 10
5_17_16 9, 1, 5, 13, 10
6_23_10 7, 15, 3, 11, 8, 16
2_19_04 3, 11
2_11_02 4, 12
1_27_22 6
4_20_14 8, 16, 4, 12
1_17_18 10
3_22_00 14, 6, 10
1_25_02 4
1_28_16 15
7_25_18 12, 4, 8, 16, 13, 5, 9
6_10_00 3, 11, 15, 7, 16, 8
1_10_10 4
2_22_20 8, 16
7_26_12 9, 1, 5, 13, 6, 14, 2
6_20_20 11, 3, 7, 15, 8, 16
4_26_10 8, 16, 4, 12
4_21_18 11, 3, 7, 15
3_10_00 15, 7, 11
7_25_04 5, 13, 1, 9, 6, 14, 2
2_26_06 2, 10
7_9_10 8, 16, 4, 12, 9, 1, 5
4_15_18 13, 5, 9, 1
5_21_02 3, 11, 15, 7, 4
4_10_10 8, 16, 4, 12
1_28_18 16
5_22_10 7, 15, 3, 11, 4
2_15_10 9, 1
6_11_22 14, 6, 10, 2, 15, 7
7_25_22 14, 6, 10, 2, 15, 7, 11
1_28_06 10
8_29_22 15, 7, 11, 3, 12, 4, 8, 16
4_30_16 12, 4, 8, 16
7_1_12 7, 15, 3, 11, 8, 16, 4
8_28_00 3, 11, 15, 7, 4, 12, 16, 8
6_27_20 13, 5, 9, 1, 14, 6
4_25_02 4, 12, 16, 8
7_3_02 2, 10, 14, 6, 11, 3, 7
3_21_08 6, 14, 2
1_30_16 8
6_29_22 15, 7, 11, 3, 12, 4
2_24_22 9, 1
2_22_16 6, 14
5_31_12 10, 2, 6, 14, 15
4_30_12 10, 2, 6, 14
6_3_06 4, 12, 16, 8, 5, 13
2_24_18 7, 15
7_20_04 3, 11, 15, 7, 8, 16, 4
4_19_22 12, 4, 8, 16
1_21_00 2
1_22_06 1
3_13_12 10, 2, 6
2_18_22 8, 16
2_20_00 13, 5
1_28_00 7
1_25_12 9
1_2_12 3
2_15_04 6, 14
1_5_04 4
5_18_22 12, 4, 8, 16, 9
3_22_04 16, 8, 12
1_24_14 13
5_23_16 10, 2, 6, 14, 3
2_9_00 3, 11
3_9_22 14, 6, 10
4_17_08 5, 13, 1, 9
2_27_00 3, 11
8_15_10 9, 1, 5, 13, 6, 14, 2, 10
3_6_22 9, 1, 5
6_20_16 9, 1, 5, 13, 6, 14
8_11_22 14, 6, 10, 2, 15, 7, 11, 3
5_21_16 10, 2, 6, 14, 11
2_11_06 6, 14
6_5_16 10, 2, 6, 14, 11, 3
5_24_20 12, 4, 8, 16, 1
7_2_14 8, 16, 4, 12, 5, 13, 1
8_12_10 8, 16, 4, 12, 9, 1, 5, 13
7_10_02 4, 12, 16, 8, 1, 9, 13
7_29_16 12, 4, 8, 16, 9, 1, 5
8_16_16 12, 4, 8, 16, 9, 1, 5, 13
4_14_20 14, 6, 10, 2
2_24_04 16, 8
3_11_12 9, 1, 13
7_17_04 3, 11, 15, 7, 4, 12, 16
8_25_10 8, 16, 4, 12, 9, 1, 5, 13
4_24_16 10, 2, 6, 14
4_22_18 11, 3, 7, 15
2_13_18 13, 5
3_23_10 7, 15, 11
7_18_16 9, 1, 5, 13, 6, 14, 2
8_1_16 9, 1, 5, 13, 10, 2, 6, 14
1_7_02 11
8_26_14 10, 2, 6, 14, 11, 3, 7, 15
2_2_04 15, 7
3_6_04 16, 8, 12
5_7_02 3, 11, 15, 7, 12
7_12_08 7, 15, 3, 11, 12, 4, 8
5_8_08 6, 14, 2, 10, 11
6_5_04 4, 12, 16, 8, 5, 13
5_16_16 12, 4, 8, 16, 13
8_28_04 5, 13, 1, 9, 6, 14, 2, 10
8_1_14 8, 16, 4, 12, 9, 1, 5, 13
7_16_02 5, 13, 1, 9, 6, 14, 2
7_20_06 4, 12, 16, 8, 9, 1, 5
6_20_02 2, 10, 14, 6, 15, 7
4_21_00 2, 10, 14, 6
5_3_00 1, 9, 13, 5, 10
5_11_12 9, 1, 5, 13, 2
6_22_20 12, 4, 8, 16, 9, 1
3_11_04 5, 13, 9
4_23_06 5, 13, 1, 9
3_12_06 2, 10, 6
4_25_06 6, 14, 2, 10
1_12_10 12
3_26_16 7, 15, 3
6_29_00 4, 12, 16, 8, 1, 9
3_20_02 14, 6, 2
5_26_04 5, 13, 1, 9, 2
8_24_00 2, 10, 14, 6, 3, 11, 15, 7
3_11_10 8, 16, 12
7_13_12 10, 2, 6, 14, 7, 15, 3
2_21_10 7, 15
4_5_04 4, 12, 16, 8
5_10_08 7, 15, 3, 11, 4
3_2_14 4, 12, 16
8_31_02 5, 13, 1, 9, 2, 10, 14, 6
1_12_06 10
3_23_08 6, 14, 10
8_23_22 13, 5, 9, 1, 14, 6, 10, 2
6_23_00 2, 10, 14, 6, 3, 11
8_16_06 7, 15, 3, 11, 4, 12, 16, 8
2_13_14 11, 3
4_12_18 12, 4, 8, 16
5_19_16 9, 1, 5, 13, 2
3_1_02 2, 10, 14
2_24_16 6, 14
3_5_06 5, 13, 1
2_4_04 15, 7
8_26_06 6, 14, 2, 10, 7, 15, 3, 11
2_3_22 12, 4
8_13_06 7, 15, 3, 11, 4, 12, 16, 8
6_5_20 12, 4, 8, 16, 13, 5
8_30_20 14, 6, 10, 2, 11, 3, 7, 15
1_16_18 1
4_3_12 7, 15, 3, 11
8_9_08 7, 15, 3, 11, 8, 16, 4, 12
5_9_00 3, 11, 15, 7, 4
2_30_06 3, 11
6_3_22 12, 4, 8, 16, 13, 5
3_11_06 6, 14, 10
6_5_14 9, 1, 5, 13, 10, 2
1_24_00 6
2_23_10 7, 15
4_30_22 15, 7, 11, 3
7_3_20 11, 3, 7, 15, 4, 12, 16
2_2_06 16, 8
7_3_18 10, 2, 6, 14, 3, 11, 15
4_3_14 8, 16, 4, 12
4_15_22 15, 7, 11, 3
2_25_10 8, 16
4_14_22 15, 7, 11, 3
6_25_08 7, 15, 3, 11, 8, 16
7_1_18 10, 2, 6, 14, 11, 3, 7
8_7_14 9, 1, 5, 13, 10, 2, 6, 14
5_12_12 9, 1, 5, 13, 14
8_8_16 10, 2, 6, 14, 11, 3, 7, 15
8_27_16 11, 3, 7, 15, 12, 4, 8, 16
7_14_06 7, 15, 3, 11, 16, 8, 12
5_30_02 5, 13, 1, 9, 14
7_14_08 8, 16, 4, 12, 1, 9, 13
5_16_08 8, 16, 4, 12, 9
8_26_16 11, 3, 7, 15, 12, 4, 8, 16
5_9_22 14, 6, 10, 2, 15
2_30_10 5, 13
4_8_14 9, 1, 5, 13
7_21_22 13, 5, 9, 1, 14, 6, 10
7_9_04 5, 13, 1, 9, 6, 14, 2
6_1_06 4, 12, 16, 8, 5, 13
6_9_12 9, 1, 5, 13, 10, 2
2_15_12 10, 2
7_15_02 5, 13, 1, 9, 10, 2, 6
6_19_18 10, 2, 6, 14, 11, 3
8_9_18 12, 4, 8, 16, 13, 5, 9, 1
5_16_10 9, 1, 5, 13, 10
6_26_12 9, 1, 5, 13, 6, 14
3_5_10 7, 15, 3
8_23_06 5, 13, 1, 9, 6, 14, 2, 10
7_16_20 14, 6, 10, 2, 15, 7, 11
8_23_04 4, 12, 16, 8, 5, 13, 1, 9
5_30_00 4, 12, 16, 8, 13
5_26_02 4, 12, 16, 8, 1
1_18_02 14
5_13_22 15, 7, 11, 3, 12
2_20_12 3, 11
7_19_06 4, 12, 16, 8, 13, 5, 9
2_21_00 2, 10
1_8_08 10
4_6_00 2, 10, 14, 6
2_23_12 8, 16
6_20_06 4, 12, 16, 8, 1, 9
2_2_00 13, 5
3_4_10 2, 10, 6
5_10_22 14, 6, 10, 2, 11
8_13_14 11, 3, 7, 15, 8, 16, 4, 12
5_19_00 1, 9, 13, 5, 10
6_16_20 14, 6, 10, 2, 7, 15
2_5_16 10, 2
4_13_20 14, 6, 10, 2
3_8_12 4, 12, 8
1_21_10 7
6_3_04 3, 11, 15, 7, 4, 12
1_9_06 6
6_11_14 10, 2, 6, 14, 11, 3
7_21_14 9, 1, 5, 13, 10, 2, 6
7_20_16 9, 1, 5, 13, 14, 6, 10
1_14_10 5
4_29_06 7, 15, 3, 11
1_11_06 14
2_24_02 15, 7
3_20_20 7, 15, 11
6_21_14 9, 1, 5, 13, 10, 2
7_9_00 3, 11, 15, 7, 4, 12, 16
5_17_10 6, 14, 2, 10, 7
7_24_20 12, 4, 8, 16, 1, 9, 13
1_31_10 1
5_12_16 11, 3, 7, 15, 16
2_22_00 14, 6
3_18_20 7, 15, 3
4_6_18 11, 3, 7, 15
3_7_02 3, 11, 7
2_8_20 8, 16
3_20_22 8, 16, 12
6_27_22 14, 6, 10, 2, 15, 7
6_24_22 13, 5, 9, 1, 10, 2
4_12_00 3, 11, 15, 7
3_14_16 8, 16, 4
2_16_02 1, 9
2_8_04 16, 8
6_25_16 11, 3, 7, 15, 12, 4
4_13_18 13, 5, 9, 1
8_10_04 5, 13, 1, 9, 6, 14, 2, 10
3_19_12 7, 15, 11
5_6_06 5, 13, 1, 9, 2
5_2_20 11, 3, 7, 15, 8
4_9_08 7, 15, 3, 11
1_5_22 13
3_17_12 7, 15, 3
1_4_12 11
7_23_16 10, 2, 6, 14, 3, 11, 15
7_5_08 6, 14, 2, 10, 7, 15, 3
4_5_00 2, 10, 14, 6
3_1_22 12, 4, 8
3_5_04 4, 12, 16
2_1_22 12, 4
4_13_10 9, 1, 5, 13
3_9_12 9, 1, 5
6_25_06 6, 14, 2, 10, 7, 15
8_21_10 7, 15, 3, 11, 8, 16, 4, 12
4_1_04 3, 11, 15, 7
1_24_06 9
3_24_08 2, 10, 6
6_20_14 8, 16, 4, 12, 5, 13
3_19_08 5, 13, 9
4_15_04 6, 14, 2, 10
4_18_22 12, 4, 8, 16
6_25_20 13, 5, 9, 1, 14, 6
5_27_08 7, 15, 3, 11, 16
8_11_10 8, 16, 4, 12, 9, 1, 5, 13
3_11_02 4, 12, 8
8_30_22 15, 7, 11, 3, 12, 4, 8, 16
3_11_20 13, 5, 1
2_22_04 16, 8
4_12_22 14, 6, 10, 2
1_15_04 14
2_18_10 2, 10
6_31_16 12, 4, 8, 16, 9, 1
3_7_06 5, 13, 9
1_25_14 10
7_22_02 3, 11, 15, 7, 16, 8, 12
7_19_04 3, 11, 15, 7, 12, 4, 8
1_8_04 8
4_5_10 7, 15, 3, 11
4_20_06 4, 12, 16, 8
5_3_14 8, 16, 4, 12, 1
8_8_22 13, 5, 9, 1, 14, 6, 10, 2
4_8_10 7, 15, 3, 11
6_17_14 8, 16, 4, 12, 9, 1
3_11_16 11, 3, 15
4_16_18 13, 5, 9, 1
5_19_18 10, 2, 6, 14, 3
3_31_12 10, 2, 14
7_29_10 9, 1, 5, 13, 6, 14, 2
8_22_08 6, 14, 2, 10, 7, 15, 3, 11
2_5_10 7, 15
4_6_06 5, 13, 1, 9
6_29_04 6, 14, 2, 10, 3, 11
2_29_02 5, 13
7_16_06 7, 15, 3, 11, 8, 16, 4
2_17_04 3, 11
5_1_02 2, 10, 14, 6, 3
4_1_12 7, 15, 3, 11
4_20_18 10, 2, 6, 14
6_25_10 8, 16, 4, 12, 9, 1
6_25_14 10, 2, 6, 14, 11, 3
1_20_10 10
6_21_16 10, 2, 6, 14, 11, 3
1_21_06 5
7_2_18 10, 2, 6, 14, 7, 15, 3
4_17_06 4, 12, 16, 8
5_29_18 13, 5, 9, 1, 10
4_9_06 6, 14, 2, 10
2_12_18 8, 16
6_18_08 5, 13, 1, 9, 2, 10
6_23_16 10, 2, 6, 14, 11, 3
3_13_20 14, 6, 10
5_29_22 15, 7, 11, 3, 12
6_14_00 4, 12, 16, 8, 13, 5
7_14_16 12, 4, 8, 16, 5, 13, 1
4_28_06 6, 14, 2, 10
1_25_10 8
3_21_16 10, 2, 6
7_30_18 13, 5, 9, 1, 6, 14, 2
4_10_18 12, 4, 8, 16
6_16_10 9, 1, 5, 13, 2, 10
5_11_14 10, 2, 6, 14, 3
4_9_22 14, 6, 10, 2
6_19_14 8, 16, 4, 12, 9, 1
5_28_10 8, 16, 4, 12, 13
4_24_06 5, 13, 1, 9
8_19_18 10, 2, 6, 14, 11, 3, 7, 15
6_4_14 8, 16, 4, 12, 5, 13
3_16_06 3, 11, 7
5_9_18 12, 4, 8, 16, 13
5_15_12 10, 2, 6, 14, 15
6_10_06 6, 14, 2, 10, 3, 11
4_28_22 14, 6, 10, 2
7_4_04 3, 11, 15, 7, 8, 16, 4
8_6_18 11, 3, 7, 15, 12, 4, 8, 16
6_9_16 11, 3, 7, 15, 12, 4
6_9_18 12, 4, 8, 16, 13, 5
5_24_04 4, 12, 16, 8, 9
1_10_04 1
8_5_04 4, 12, 16, 8, 5, 13, 1, 9
4_23_00 2, 10, 14, 6
1_20_22 16
2_21_08 6, 14
8_30_16 12, 4, 8, 16, 9, 1, 5, 13
4_27_04 5, 13, 1, 9
8_25_12 9, 1, 5, 13, 10, 2, 6, 14
7_26_10 8, 16, 4, 12, 5, 13, 1
4_12_12 9, 1, 5, 13
3_30_16 8, 16, 4
1_21_04 4
8_18_12 7, 15, 3, 11, 8, 16, 4, 12
2_5_20 12, 4
3_5_22 13, 5, 9
5_28_18 12, 4, 8, 16, 1
5_1_08 5, 13, 1, 9, 6
3_17_06 4, 12, 16
7_16_12 10, 2, 6, 14, 11, 3, 7
2_7_02 3, 11
2_13_20 14, 6
3_7_18 11, 3, 15
6_26_14 10, 2, 6, 14, 7, 15
3_24_18 7, 15, 11
1_12_12 13
8_2_00 1, 9, 13, 5, 2, 10, 14, 6
2_17_16 9, 1
7_30_22 15, 7, 11, 3, 8, 16, 4
2_14_04 2, 10
2_14_18 9, 1
7_15_08 8, 16, 4, 12, 13, 5, 9
1_9_14 10
2_6_12 4, 12
2_12_20 9, 1
3_7_04 4, 12, 8
3_14_08 4, 12, 16
5_15_06 7, 15, 3, 11, 12
6_2_14 8, 16, 4, 12, 5, 13
8_11_02 4, 12, 16, 8, 5, 13, 1, 9
6_11_04 5, 13, 1, 9, 6, 14
2_15_18 13, 5
3_8_16 6, 14, 10
6_11_18 12, 4, 8, 16, 13, 5
6_22_14 9, 1, 5, 13, 6, 14
5_13_00 4, 12, 16, 8, 1
2_25_06 6, 14
5_9_06 6, 14, 2, 10, 7
6_4_08 5, 13, 1, 9, 2, 10
6_27_02 4, 12, 16, 8, 5, 13
1_15_06 15
6_18_06 4, 12, 16, 8, 1, 9
7_17_10 6, 14, 2, 10, 7, 15, 3
2_25_02 4, 12
6_17_02 2, 10, 14, 6, 3, 11
1_17_14 8
2_12_16 7, 15
6_21_12 8, 16, 4, 12, 9, 1
2_22_12 4, 12
1_28_14 14
1_31_08 16
1_3_02 10
7_5_10 7, 15, 3, 11, 8, 16, 4
2_17_02 2, 10
4_27_02 4, 12, 16, 8
7_24_10 7, 15, 3, 11, 12, 4, 8
7_13_08 8, 16, 4, 12, 5, 13, 1
4_11_04 5, 13, 1, 9
7_7_00 2, 10, 14, 6, 11, 3, 7
6_15_08 8, 16, 4, 12, 5, 13
3_4_18 6, 14, 10
8_20_16 9, 1, 5, 13, 10, 2, 6, 14
6_16_14 11, 3, 7, 15, 4, 12
3_29_08 8, 16, 4
8_5_08 6, 14, 2, 10, 7, 15, 3, 11
8_21_06 5, 13, 1, 9, 6, 14, 2, 10
2_13_06 7, 15
5_21_00 2, 10, 14, 6, 3
8_5_06 5, 13, 1, 9, 6, 14, 2, 10
3_20_16 5, 13, 9
2_25_08 7, 15
3_29_18 13, 5, 9
3_10_04 1, 9, 13
6_17_08 5, 13, 1, 9, 6, 14
2_4_20 7, 15
2_21_16 10, 2
4_20_12 7, 15, 3, 11
2_29_10 9, 1
5_24_18 11, 3, 7, 15, 16
2_22_08 2, 10
8_10_18 12, 4, 8, 16, 13, 5, 9, 1
4_14_06 7, 15, 3, 11
7_5_12 8, 16, 4, 12, 9, 1, 5
2_29_16 12, 4
8_26_20 13, 5, 9, 1, 14, 6, 10, 2
3_29_02 5, 13, 1
4_15_00 4,12, 16, 8
1_13_04 6
3_25_12 9, 1, 5
2_21_04 4, 12
5_13_08 8, 16, 4, 12, 5
6_19_12 7, 15, 3, 11, 8, 16
1_15_10 1
5_23_18 11, 3, 7, 15, 4
7_15_20 14, 6, 10, 2, 3, 11, 15
2_8_16 6, 14
1_2_10 2
4_9_12 9, 1, 5, 13
3_24_12 4, 12, 8
4_23_16 10, 2, 6, 14
3_19_00 1, 9, 5
5_2_06 4, 12, 16, 8, 1
5_10_20 13, 5, 9, 1, 10
4_22_06 5, 13, 1, 9
7_28_10 8, 16, 4, 12, 13, 5, 9
4_12_10 8, 16, 4, 12
3_15_18 13, 5, 1
8_22_12 8, 16, 4, 12, 9, 1, 5, 13
7_4_22 12, 4, 8, 16, 1, 9, 13
4_4_20 11, 3, 7, 15
4_9_16 11, 3, 7, 15
7_13_22 15, 7, 11, 3, 12, 4, 8
4_17_12 7, 15, 3, 11
2_12_14 6, 14
3_25_04 5, 13, 1
7_28_00 3, 11, 15, 7, 8, 16, 4
6_25_18 12, 4, 8, 16, 13, 5
8_2_14 8, 16, 4, 12, 9, 1, 5, 13
7_4_00 1, 9, 13, 5, 6, 14, 2
3_12_22 10, 2, 14
7_20_18 10, 2, 6, 14, 15, 7, 11
2_2_08 1, 9
6_18_18 10, 2, 6, 14, 7, 15
6_18_20 11, 3, 7, 15, 8, 16
7_3_00 1, 9, 13, 5, 10, 2, 6
2_14_14 7, 15
1_30_08 4
6_26_00 3, 11, 15, 7, 16, 8
8_30_08 8, 16, 4, 12, 5, 13, 1, 9
4_26_20 13, 5, 9, 1
8_20_04 3, 11, 15, 7, 4, 12, 16, 8
3_27_04 5, 13, 9
8_5_02 3, 11, 15, 7, 4, 12, 16, 8
4_9_04 5, 13, 1, 9
6_15_12 10, 2, 6, 14, 7, 15
5_17_08 5, 13, 1, 9, 6
6_26_20 13, 5, 9, 1, 10, 2
5_6_08 6, 14, 2, 10, 3
7_3_04 3, 11, 15, 7, 12, 4, 8
1_21_08 6
5_6_12 8, 16, 4, 12, 5
3_10_18 8, 16, 4
5_14_16 12, 4, 8, 16, 5
1_3_12 15
7_26_04 5, 13, 1, 9, 2, 10, 14
5_27_14 10, 2, 6, 14, 3
5_3_02 2, 10, 14, 6, 11
6_11_20 13, 5, 9, 1, 14, 6
1_10_02 16
1_21_14 9
5_27_18 12, 4, 8, 16, 5
1_1_04 3
4_2_08 5, 13, 1, 9
2_8_14 5, 13
8_9_12 9, 1, 5, 13, 10, 2, 6, 14
8_31_22 15, 7, 11, 3, 12, 4, 8, 16
8_16_12 10, 2, 6, 14, 7, 15, 3, 11
4_19_16 9, 1, 5, 13
6_10_02 4, 12, 16, 8, 1, 9
6_24_16 10, 2, 6, 14, 7, 15
7_20_02 2, 10, 14, 6, 7, 15, 3
7_23_04 4, 12, 16, 8, 13, 5, 9
