2_12_04 1, 9
7_30_22 15, 7, 11, 3, 8, 16, 4
5_10_02 4, 12, 16, 8, 1
8_6_18 11, 3, 7, 15, 12, 4, 8, 16
8_27_06 6, 14, 2, 10, 7, 15, 3, 11
4_23_20 12, 4, 8, 16
7_11_18 12, 4, 8, 16, 5, 13, 1
6_31_06 7, 15, 3, 11, 4, 12
1_23_06 13
4_29_06 7, 15, 3, 11
6_28_20 13, 5, 9, 1, 10, 2
6_6_18 11, 3, 7, 15, 8, 16
5_6_14 9, 1, 5, 13, 6
5_20_10 6, 14, 2, 10, 11
1_5_14 9
5_28_10 8, 16, 4, 12, 13
2_6_00 14, 6
7_17_20 11, 3, 7, 15, 12, 4, 8
3_16_12 6, 14, 10
1_3_00 9
6_8_16 10, 2, 6, 14, 7, 15
7_31_00 4, 12, 16, 8, 9, 1, 5
3_28_06 2, 10, 6
2_17_16 9, 1
7_24_20 12, 4, 8, 16, 1, 9, 13
7_11_08 7, 15, 3, 11, 16, 8, 12
3_20_10 2, 10, 6
7_23_04 4, 12, 16, 8, 13, 5, 9
6_2_04 3, 11, 15, 7, 16, 8
8_11_00 3, 11, 15, 7, 4, 12, 16, 8
3_29_08 8, 16, 4
8_7_16 10, 2, 6, 14, 11, 3, 7, 15
8_4_06 4, 12, 16, 8, 5, 13, 1, 9
1_13_08 8
2_2_00 13, 5
5_16_16 12, 4, 8, 16, 13
3_18_14 4, 12, 16
1_18_06 16
8_25_16 11, 3, 7, 15, 12, 4, 8, 16
2_24_14 5, 13
8_18_20 11, 3, 7, 15, 12, 4, 8, 16
2_31_00 4,12
6_30_18 13, 5, 9, 1, 6, 14
8_8_16 10, 2, 6, 14, 11, 3, 7, 15
8_12_14 10, 2, 6, 14, 11, 3, 7, 15
2_2_04 15, 7
6_15_02 5, 13, 1, 9, 2, 10
4_11_08 7, 15, 3, 11
2_25_04 5, 13
4_13_00 4,12, 16, 8
3_26_06 2, 10, 14
2_23_02 3, 11
6_4_10 6, 14, 2, 10, 3, 11
8_24_14 9, 1, 5, 13, 10, 2, 6, 14
1_7_16 2
8_16_20 14, 6, 10, 2, 11, 3, 7, 15
6_6_12 8, 16, 4, 12, 5, 13
4_24_16 10, 2, 6, 14
8_25_10 8, 16, 4, 12, 9, 1, 5, 13
4_11_14 10, 2, 6, 14
5_30_18 13, 5, 9, 1, 6
7_6_10 7, 15, 3, 11, 4, 12, 16
3_14_06 3, 11, 15
3_5_08 6, 14, 2
1_6_20 8
6_24_16 10, 2, 6, 14, 7, 15
6_29_10 9, 1, 5, 13, 6, 14
5_12_04 5, 13, 1, 9, 10
5_28_16 11, 3, 7, 15, 16
5_7_14 9, 1, 5, 13, 2
4_15_04 6, 14, 2, 10
2_24_00 14, 6
4_5_18 11, 3, 7, 15
2_19_08 5, 13
6_16_22 15, 7, 11, 3, 8, 16
4_6_10 7, 15, 3, 11
4_29_10 9, 1, 5, 13
8_26_14 10, 2, 6, 14, 11, 3, 7, 15
3_17_06 4, 12, 16
2_11_12 9, 1
1_8_16 14
7_30_02 5, 13, 1, 9, 14, 6, 10
8_24_00 2, 10, 14, 6, 3, 11, 15, 7
3_22_18 7, 15, 3
2_22_12 4, 12
5_29_08 8, 16, 4, 12, 5
4_29_22 15, 7, 11, 3
4_24_12 8, 16, 4, 12
4_8_02 3, 11, 15, 7
6_6_20 12, 4, 8, 16, 9, 1
3_13_08 8, 16, 4
4_27_20 13, 5, 9, 1
8_25_00 3, 11, 15, 7, 4, 12, 16, 8
4_26_06 6, 14, 2, 10
6_19_02 2, 10, 14, 6, 3, 11
4_1_14 8, 16, 4, 12
1_26_18 8
7_1_10 6, 14, 2, 10, 7, 15, 3
5_5_20 12, 4, 8, 16, 13
2_15_04 6, 14
8_29_22 15, 7, 11, 3, 12, 4, 8, 16
8_29_12 10, 2, 6, 14, 7, 15, 3, 11
5_14_06 7, 15, 3, 11, 16
8_18_18 10, 2, 6, 14, 11, 3, 7, 15
7_28_14 10, 2, 6, 14, 15, 7, 11
3_24_00 14, 6, 2
2_8_22 9, 1
5_28_12 9, 1, 5, 13, 14
6_6_06 5, 13, 1, 9, 2, 10
1_14_10 5
4_25_06 6, 14, 2, 10
5_25_14 10, 2, 6, 14, 11
5_20_08 5, 13, 1, 9, 10
4_14_12 10, 2, 6, 14
7_19_22 12, 4, 8, 16, 5, 13, 1
6_25_12 9, 1, 5, 13, 10, 2
8_10_02 4, 12, 16, 8, 5, 13, 1, 9
6_15_08 8, 16, 4, 12, 5, 13
8_5_06 5, 13, 1, 9, 6, 14, 2, 10
5_13_22 15, 7, 11, 3, 12
7_9_22 14, 6, 10, 2, 15, 7, 11
7_4_04 3, 11, 15, 7, 8, 16, 4
3_5_10 7, 15, 3
4_16_12 10, 2, 6, 14
7_16_00 4, 12, 16, 8, 5, 13, 1
3_10_12 5, 13, 1
6_25_02 4, 12, 16, 8, 5, 13
4_23_16 10, 2, 6, 14
1_31_14 3
8_7_00 2, 10, 14, 6, 3, 11, 15, 7
4_13_04 6, 14, 2, 10
8_22_12 8, 16, 4, 12, 9, 1, 5, 13
1_11_00 11
4_16_18 13, 5, 9, 1
1_14_00 16
1_13_18 13
7_11_22 14, 6, 10, 2, 7, 15, 3
1_3_06 12
2_11_04 5, 13
6_26_16 11, 3, 7, 15, 8, 16
1_2_22 8
2_25_08 7, 15
3_31_22 15, 7, 3
7_26_14 10, 2, 6, 14, 7, 15, 3
8_9_10 8, 16, 4, 12, 9, 1, 5, 13
3_27_14 10, 2, 14
1_19_06 12
5_22_08 6, 14, 2, 10, 3
4_15_22 15, 7, 11, 3
4_1_04 3, 11, 15, 7
3_30_10 5, 13, 1
4_2_10 6, 14, 2, 10
4_14_00 4,12, 16, 8
3_4_08 1, 9, 5
5_21_10 7, 15, 3, 11, 8
7_11_02 4, 12, 16, 8, 13, 5, 9
1_15_08 16
2_16_14 7, 15
4_2_16 9, 1, 5, 13
7_19_08 5, 13, 1, 9, 14, 6, 10
7_7_18 11, 3, 7, 15, 4, 12, 16
8_27_02 4, 12, 16, 8, 5, 13, 1, 9
5_1_02 2, 10, 14, 6, 3
2_11_14 10, 2
4_13_16 12, 4, 8, 16
2_23_06 5, 13
1_13_00 4
4_20_12 7, 15, 3, 11
2_26_10 4, 12
5_31_02 5, 13, 1, 9, 10
8_17_06 4, 12, 16, 8, 5, 13, 1, 9
8_29_14 11, 3, 7, 15, 8, 16, 4, 12
6_19_10 6, 14, 2, 10, 7, 15
4_4_04 3, 11, 15, 7
4_19_02 2, 10, 14, 6
6_27_08 7, 15, 3, 11, 8, 16
2_14_10 5, 13
3_16_00 16, 8, 4
2_10_00 15, 7
5_26_16 11, 3, 7, 15, 8
6_23_16 10, 2, 6, 14, 11, 3
5_5_02 3, 11, 15, 7, 4
7_27_20 13, 5, 9, 1, 6, 14, 2
5_16_00 4, 12, 16, 8, 5
4_8_16 10, 2, 6, 14
2_7_00 2, 10
2_17_02 2, 10
3_22_14 5, 13, 1
8_15_20 14, 6, 10, 2, 11, 3, 7, 15
7_20_16 9, 1, 5, 13, 14, 6, 10
7_15_14 11, 3, 7, 15, 16, 8, 12
4_22_14 9, 1, 5, 13
6_8_06 5, 13, 1, 9, 2, 10
8_22_14 9, 1, 5, 13, 10, 2, 6, 14
1_25_00 3
3_9_20 13, 5, 9
7_2_22 12, 4, 8, 16, 9, 1, 5
1_1_20 11
5_19_14 8, 16, 4, 12, 1
3_15_10 9, 1, 13
2_5_16 10, 2
4_4_18 10, 2, 6, 14
3_16_10 5, 13, 9
2_17_20 11, 3
1_3_10 14
1_11_16 3
3_18_06 16, 8, 12
4_25_00 3, 11, 15, 7
6_8_22 13, 5, 9, 1, 10, 2
2_21_18 11, 3
4_14_16 12, 4, 8, 16
4_17_04 3, 11, 15, 7
5_13_08 8, 16, 4, 12, 5
4_14_14 11, 3, 7, 15
1_9_04 5
6_29_04 6, 14, 2, 10, 3, 11
3_24_16 6, 14, 10
7_5_00 2, 10, 14, 6, 3, 11, 15
5_4_12 7, 15, 3, 11, 12
3_1_08 5, 13, 1
2_3_10 6, 14
6_2_02 2, 10, 14, 6, 15, 7
8_25_08 7, 15, 3, 11, 8, 16, 4, 12
5_3_18 10, 2, 6, 14, 3
2_13_16 12, 4
7_9_08 7, 15, 3, 11, 8, 16, 4
6_5_14 9, 1, 5, 13, 10, 2
6_12_02 4, 12, 16, 8, 1, 9
8_4_20 11, 3, 7, 15, 12, 4, 8, 16
5_27_04 5, 13, 1, 9, 14
5_18_12 7, 15, 3, 11, 4
4_16_14 11, 3, 7, 15
3_20_16 5, 13, 9
6_29_00 4, 12, 16, 8, 1, 9
8_31_22 15, 7, 11, 3, 12, 4, 8, 16
3_30_14 7, 15, 3
8_15_06 7, 15, 3, 11, 4, 12, 16, 8
3_15_00 4,12, 8
3_28_12 5, 13, 9
8_25_22 14, 6, 10, 2, 15, 7, 11, 3
6_30_02 5, 13, 1, 9, 14, 6
4_12_04 5, 13, 1, 9
7_25_02 4, 12, 16, 8, 5, 13, 1
8_18_12 7, 15, 3, 11, 8, 16, 4, 12
4_9_10 8, 16, 4, 12
1_4_18 14
5_24_10 7, 15, 3, 11, 12
5_22_18 11, 3, 7, 15, 8
3_25_00 3, 11, 15
1_5_20 12
8_13_20 14, 6, 10, 2, 11, 3, 7, 15
2_6_06 1, 9
4_31_20 14, 6, 10, 2
5_6_02 3, 11, 15, 7, 16
1_29_14 11
8_3_12 7, 15, 3, 11, 8, 16, 4, 12
4_7_10 7, 15, 3, 11
2_19_06 4, 12
3_3_00 1, 9, 5
5_27_10 8, 16, 4, 12, 1
6_5_18 11, 3, 7, 15, 12, 4
7_6_14 9, 1, 5, 13, 6, 14, 2
6_5_06 5, 13, 1, 9, 6, 14
4_4_14 8, 16, 4, 12
2_3_00 1, 9
4_24_06 5, 13, 1, 9
8_5_20 12, 4, 8, 16, 13, 5, 9, 1
1_3_22 4
7_28_22 14, 6, 10, 2, 3, 11, 15
8_16_16 12, 4, 8, 16, 9, 1, 5, 13
4_1_00 1, 9, 13, 5
6_26_20 13, 5, 9, 1, 10, 2
7_26_08 7, 15, 3, 11, 4, 12, 16
1_14_20 10
6_27_16 11, 3, 7, 15, 12, 4
1_8_00 6
3_17_16 9, 1, 5
4_10_04 5, 13, 1, 9
6_10_18 12, 4, 8, 16, 9, 1
4_18_02 2, 10, 14, 6
5_6_08 6, 14, 2, 10, 3
1_1_06 4
3_16_20 10, 2, 14
8_7_06 5, 13, 1, 9, 6, 14, 2, 10
6_4_14 8, 16, 4, 12, 5, 13
3_13_02 5, 13, 1
1_15_20 6
2_1_14 8, 16
3_13_06 7, 15, 3
7_10_06 6, 14, 2, 10, 3, 11, 15
2_31_16 12, 4
6_3_06 4, 12, 16, 8, 5, 13
3_1_10 6, 14, 2
4_25_22 14, 6, 10, 2
8_22_00 2, 10, 14, 6, 3, 11, 15, 7
4_23_00 2, 10, 14, 6
6_22_04 4, 12, 16, 8, 1, 9
3_6_06 1, 9, 13
8_9_00 3, 11, 15, 7, 4, 12, 16, 8
4_19_18 10, 2, 6, 14
7_6_12 8, 16, 4, 12, 5, 13, 1
3_27_10 8, 16, 12
6_11_22 14, 6, 10, 2, 15, 7
3_24_10 3, 11, 7
5_8_02 3, 11, 15, 7, 8
5_15_00 4, 12, 16, 8, 9
7_8_14 9, 1, 5, 13, 14, 6, 10
2_20_10 2, 10
8_30_06 7, 15, 3, 11, 4, 12, 16, 8
8_13_10 9, 1, 5, 13, 6, 14, 2, 10
4_28_22 14, 6, 10, 2
4_17_10 6, 14, 2, 10
7_14_08 8, 16, 4, 12, 1, 9, 13
1_26_14 6
8_1_16 9, 1, 5, 13, 10, 2, 6, 14
8_30_00 4, 12, 16, 8, 1, 9, 13, 5
5_27_02 4, 12, 16, 8, 13
4_18_00 1, 9, 13, 5
2_30_16 8, 16
7_16_04 6, 14, 2, 10, 7, 15, 3
2_12_08 3, 11
3_17_18 10, 2, 6
8_8_18 11, 3, 7, 15, 12, 4, 8, 16
1_24_12 12
5_31_14 11, 3, 7, 15, 16
6_9_00 3, 11, 15, 7, 4, 12
3_12_04 1, 9, 5
7_24_06 5, 13, 1, 9, 10, 2, 6
8_10_18 12, 4, 8, 16, 13, 5, 9, 1
4_21_16 10, 2, 6, 14
8_3_22 12, 4, 8, 16, 13, 5, 9, 1
1_25_12 9
5_15_20 14, 6, 10, 2, 3
4_18_14 8, 16, 4, 12
8_3_18 10, 2, 6, 14, 11, 3, 7, 15
5_3_00 1, 9, 13, 5, 10
5_31_00 4, 12, 16, 8, 9
4_30_12 10, 2, 6, 14
8_6_04 4, 12, 16, 8, 5, 13, 1, 9
7_4_18 10, 2, 6, 14, 15, 7, 11
8_6_16 10, 2, 6, 14, 11, 3, 7, 15
4_11_02 4, 12, 16, 8
5_26_20 13, 5, 9, 1, 10
2_31_06 7, 15
7_18_00 1, 9, 13, 5, 14, 6, 10
8_6_06 5, 13, 1, 9, 6, 14, 2, 10
8_3_04 3, 11, 15, 7, 4, 12, 16, 8
4_29_02 5, 13, 1, 9
1_21_18 11
6_14_06 7, 15, 3, 11, 16, 8
4_28_00 3, 11, 15, 7
2_18_20 7, 15
7_19_18 10, 2, 6, 14, 3, 11, 15
8_27_04 5, 13, 1, 9, 6, 14, 2, 10
7_6_04 4, 12, 16, 8, 1, 9, 13
3_1_12 7, 15, 3
4_16_22 15, 7, 11, 3
2_31_14 11, 3
3_9_16 11, 3, 7
2_8_06 1, 9
8_20_08 5, 13, 1, 9, 6, 14, 2, 10
3_10_02 16, 8, 12
7_18_06 4, 12, 16, 8, 1, 9, 13
4_17_02 2, 10, 14, 6
3_11_08 7, 15, 11
3_30_08 4, 12, 16
5_16_20 14, 6, 10, 2, 15
1_28_00 7
2_1_16 9, 1
8_2_20 11, 3, 7, 15, 12, 4, 8, 16
1_29_16 12
7_24_00 2, 10, 14, 6, 7, 15, 3
6_16_04 6, 14, 2, 10, 15, 7
3_31_14 11, 3, 15
2_14_04 2, 10
7_20_10 6, 14, 2, 10, 11, 3, 7
1_23_00 10
8_7_08 6, 14, 2, 10, 7, 15, 3, 11
2_10_02 16, 8
4_12_06 6, 14, 2, 10
2_26_00 15, 7
6_21_12 8, 16, 4, 12, 9, 1
4_6_16 10, 2, 6, 14
3_23_06 5, 13, 9
2_1_12 7, 15
5_14_02 5, 13, 1, 9, 14
6_26_08 7, 15, 3, 11, 4, 12
6_25_08 7, 15, 3, 11, 8, 16
4_10_20 13, 5, 9, 1
4_25_04 5, 13, 1, 9
8_7_20 12, 4, 8, 16, 13, 5, 9, 1
2_4_14 4, 12
3_30_18 9, 1, 5
7_12_04 5, 13, 1, 9, 10, 2, 6
3_3_16 9, 1, 13
4_7_00 2, 10, 14, 6
2_5_18 11, 3
7_3_10 6, 14, 2, 10, 15, 7, 11
7_9_20 13, 5, 9, 1, 14, 6, 10
2_4_20 7, 15
4_18_22 12, 4, 8, 16
4_22_10 7, 15, 3, 11
8_27_20 13, 5, 9, 1, 14, 6, 10, 2
4_19_08 5, 13, 1, 9
8_2_16 9, 1, 5, 13, 10, 2, 6, 14
2_17_10 6, 14
7_8_12 8, 16, 4, 12, 13, 5, 9
4_23_14 9, 1, 5, 13
6_1_02 2, 10, 14, 6, 3, 11
7_16_16 12, 4, 8, 16, 13, 5, 9
1_13_06 7
2_3_04 3, 11
3_1_16 9, 1, 5
8_5_14 9, 1, 5, 13, 10, 2, 6, 14
1_17_02 2
4_6_20 12, 4, 8, 16
1_25_06 6
5_30_16 12, 4, 8, 16, 5
8_25_06 6, 14, 2, 10, 7, 15, 3, 11
4_9_06 6, 14, 2, 10
4_13_12 10, 2, 6, 14
4_5_02 3, 11, 15, 7
5_2_08 5, 13, 1, 9, 2
8_20_12 7, 15, 3, 11, 8, 16, 4, 12
3_28_16 7, 15, 11
4_5_10 7, 15, 3, 11
4_23_10 7, 15, 3, 11
4_31_08 8, 16, 12
6_9_18 12, 4, 8, 16, 13, 5
2_22_10 3, 11
3_31_16 12, 4, 16
6_12_00 3, 11, 15, 7, 16, 8
8_2_12 7, 15, 3, 11, 8, 16, 4, 12
8_11_04 5, 13, 1, 9, 6, 14, 2, 10
7_2_20 11, 3, 7, 15, 8, 16, 4
4_14_20 14, 6, 10, 2
2_29_12 10, 2
7_3_08 5, 13, 1, 9, 14, 6, 10
7_7_22 13, 5, 9, 1, 6, 14, 2
7_29_00 4, 12, 16, 8, 1, 9, 13
1_21_04 4
5_23_04 4, 12, 16, 8, 13
1_22_18 7
2_8_04 16, 8
3_8_18 7, 15, 11
8_28_14 10, 2, 6, 14, 11, 3, 7, 15
3_18_18 6, 14, 2
8_26_04 5, 13, 1, 9, 6, 14, 2, 10
7_9_12 9, 1, 5, 13, 10, 2, 6
3_26_14 6, 14, 2
6_31_18 13, 5, 9, 1, 10, 2
1_13_04 6
2_22_22 9, 1
8_5_12 8, 16, 4, 12, 9, 1, 5, 13
2_15_06 7, 15
7_1_02 2, 10, 14, 6, 3, 11, 15
8_28_06 6, 14, 2, 10, 7, 15, 3, 11
7_23_10 7, 15, 3, 11, 16, 8, 12
5_21_22 13, 5, 9, 1, 14
2_24_16 6, 14
3_8_16 6, 14, 10
3_18_08 1, 9, 13
6_25_18 12, 4, 8, 16, 13, 5
3_30_06 3, 11, 15
7_14_02 5, 13, 1, 9, 14, 6, 10
5_4_20 11, 3, 7, 15, 16
8_24_08 6, 14, 2, 10, 7, 15, 3, 11
7_4_16 9, 1, 5, 13, 14, 6, 10
5_30_12 10, 2, 6, 14, 3
8_29_00 4, 12, 16, 8, 1, 9, 13, 5
3_21_18 11, 3, 7
4_16_00 4,12, 16, 8
6_13_22 15, 7, 11, 3, 12, 4
4_23_08 6, 14, 2, 10
5_28_04 5, 13, 1, 9, 10
4_15_08 8, 16, 12
3_3_12 7, 15, 11
4_9_20 13, 5, 9, 1
5_20_22 12, 4, 8, 16, 1
3_23_18 11, 3, 15
7_8_00 2, 10, 14, 6, 7, 15, 3
3_9_04 5, 13, 1
3_13_00 4,12, 16
2_31_02 5, 13
4_5_16 10, 2, 6, 14
3_5_20 12, 4, 8
7_25_22 14, 6, 10, 2, 15, 7, 11
8_12_16 11, 3, 7, 15, 12, 4, 8, 16
2_29_06 7, 15
4_24_04 4, 12, 16, 8
2_8_00 14, 6
1_25_02 4
4_11_00 3, 11, 15, 7
1_22_20 8
8_7_14 9, 1, 5, 13, 10, 2, 6, 14
3_15_18 13, 5, 1
8_24_02 3, 11, 15, 7, 4, 12, 16, 8
4_3_08 5, 13, 1, 9
1_28_08 11
8_30_10 9, 1, 5, 13, 6, 14, 2, 10
6_20_14 8, 16, 4, 12, 5, 13
6_26_02 4, 12, 16, 8, 1, 9
3_9_18 12, 4, 8
2_24_20 8, 16
2_18_22 8, 16
1_16_14 15
8_2_04 3, 11, 15, 7, 4, 12, 16, 8
2_11_16 11, 3
4_1_22 12, 4, 8, 16
5_10_16 11, 3, 7, 15, 8
8_21_22 13, 5, 9, 1, 14, 6, 10, 2
8_12_08 7, 15, 3, 11, 8, 16, 4, 12
1_26_16 7
7_12_14 10, 2, 6, 14, 15, 7, 11
5_2_14 8, 16, 4, 12, 5
5_26_00 3, 11, 15, 7, 16
7_22_10 7, 15, 3, 11, 4, 12, 16
2_3_22 12, 4
5_18_04 3, 11, 15, 7, 16
2_17_04 3, 11
6_14_14 11, 3, 7, 15, 4, 12
2_3_20 11, 3
8_11_08 7, 15, 3, 11, 8, 16, 4, 12
1_28_14 14
3_27_20 13, 5, 1
2_19_00 1, 9
5_19_10 6, 14, 2, 10, 15
6_28_12 9, 1, 5, 13, 6, 14
7_30_18 13, 5, 9, 1, 6, 14, 2
1_14_04 2
4_4_02 2, 10, 14, 6
7_14_06 7, 15, 3, 11, 16, 8, 12
1_2_00 13
3_4_22 8, 16, 12
5_15_22 15, 7, 11, 3, 4
1_8_12 12
1_19_04 11
8_25_20 13, 5, 9, 1, 14, 6, 10, 2
3_4_12 3, 11, 7
8_5_10 7, 15, 3, 11, 8, 16, 4, 12
8_19_06 4, 12, 16, 8, 5, 13, 1, 9
4_1_10 6, 14, 2, 10
6_10_16 11, 3, 7, 15, 8, 16
2_15_02 5, 13
7_2_10 6, 14, 2, 10, 3, 11, 15
1_5_22 13
5_27_14 10, 2, 6, 14, 3
4_31_16 12, 4, 8, 16
4_29_14 11, 3, 7, 15
4_21_02 3, 11, 15, 7
8_31_14 11, 3, 7, 15, 8, 16, 4, 12
7_9_00 3, 11, 15, 7, 4, 12, 16
4_19_00 1, 9, 13, 5
1_19_18 2
5_11_12 9, 1, 5, 13, 2
1_10_00 15
8_17_18 10, 2, 6, 14, 11, 3, 7, 15
6_30_06 7, 15, 3, 11, 16, 8
6_16_00 4, 12, 16, 8, 13, 5
3_19_18 10, 2, 14
4_14_08 8, 16, 4, 12
1_4_04 7
4_29_18 13, 5, 9, 1
6_6_22 13, 5, 9, 1, 10, 2
4_24_22 13, 5, 9, 1
7_14_16 12, 4, 8, 16, 5, 13, 1
5_23_10 7, 15, 3, 11, 16
8_9_12 9, 1, 5, 13, 10, 2, 6, 14
6_18_16 9, 1, 5, 13, 6, 14
3_3_10 6, 14, 10
2_30_02 1, 9
8_27_22 14, 6, 10, 2, 15, 7, 11, 3
5_10_18 12, 4, 8, 16, 9
5_28_22 14, 6, 10, 2, 3
2_16_10 5, 13
5_21_20 12, 4, 8, 16, 13
3_21_06 5, 13, 1
4_2_14 8, 16, 4, 12
4_26_04 5, 13, 1, 9
8_23_14 9, 1, 5, 13, 10, 2, 6, 14
4_2_20 11, 3, 7, 15
3_16_08 4, 12, 8
3_2_00 13, 5, 9
4_9_18 12, 4, 8, 16
2_24_02 15, 7
5_18_10 6, 14, 2, 10, 3
6_1_22 12, 4, 8, 16, 13, 5
5_24_02 3, 11, 15, 7, 8
5_17_16 9, 1, 5, 13, 10
3_23_02 3, 11, 7
7_8_08 6, 14, 2, 10, 11, 3, 7
4_2_08 5, 13, 1, 9
1_24_06 9
