8_5_18 11, 3, 7, 15, 12, 4, 8, 16
4_27_12 9, 1, 5, 13
2_7_12 8, 16
7_18_20 11, 3, 7, 15, 8, 16, 4
2_19_22 12, 4
2_4_04 15, 7
8_11_14 10, 2, 6, 14, 11, 3, 7, 15
5_12_08 7, 15, 3, 11, 12
7_23_06 5, 13, 1, 9, 14, 6, 10
1_31_22 7
7_12_16 11, 3, 7, 15, 16, 8, 12
1_10_12 5
7_3_10 6, 14, 2, 10, 15, 7, 11
4_26_16 11, 3, 7, 15
7_30_06 7, 15, 3, 11, 16, 8, 12
1_22_14 5
6_12_16 11, 3, 7, 15, 8, 16
7_18_08 5, 13, 1, 9, 2, 10, 14
8_24_08 6, 14, 2, 10, 7, 15, 3, 11
4_1_16 9, 1, 5, 13
8_22_02 3, 11, 15, 7, 4, 12, 16, 8
2_17_18 10, 2
4_30_02 5, 13, 1, 9
6_28_04 5, 13, 1, 9, 2, 10
5_17_16 9, 1, 5, 13, 10
7_25_22 14, 6, 10, 2, 15, 7, 11
7_7_04 4, 12, 16, 8, 13, 5, 9
2_6_10 3, 11
2_2_10 2, 10
2_31_18 13, 5
5_19_08 5, 13, 1, 9, 14
5_19_12 7, 15, 3, 11, 16
7_5_12 8, 16, 4, 12, 9, 1, 5
2_29_22 15, 7
2_18_00 13, 5
2_11_10 8, 16
3_29_20 14, 6, 10
5_14_00 4, 12, 16, 8, 13
7_19_14 8, 16, 4, 12, 1, 9, 13
3_2_04 15, 7, 11
4_9_18 12, 4, 8, 16
6_6_12 8, 16, 4, 12, 5, 13
7_18_10 6, 14, 2, 10, 3, 11, 15
3_30_22 11, 3, 7
5_8_18 11, 3, 7, 15, 16
1_17_06 4
6_5_16 10, 2, 6, 14, 11, 3
7_1_10 6, 14, 2, 10, 7, 15, 3
1_13_18 13
7_21_00 2, 10, 14, 6, 3, 11, 15
3_3_18 10, 2, 14
6_17_22 12, 4, 8, 16, 13, 5
8_17_18 10, 2, 6, 14, 11, 3, 7, 15
5_21_18 11, 3, 7, 15, 12
4_26_06 6, 14, 2, 10
6_7_10 7, 15, 3, 11, 8, 16
1_12_02 8
1_10_18 8
2_8_06 1, 9
1_11_06 14
2_24_22 9, 1
4_3_10 6, 14, 2, 10
7_21_10 7, 15, 3, 11, 8, 16, 4
5_16_16 12, 4, 8, 16, 13
1_27_22 6
4_7_14 9, 1, 5, 13
3_14_14 7, 15, 3
6_20_18 10, 2, 6, 14, 7, 15
1_4_12 11
1_22_16 6
7_20_22 12, 4, 8, 16, 1, 9, 13
1_16_20 2
3_27_00 3, 11, 7
3_5_02 3, 11, 15
6_26_00 3, 11, 15, 7, 16, 8
4_5_16 10, 2, 6, 14
2_8_02 15, 7
6_21_00 2, 10, 14, 6, 3, 11
5_7_16 10, 2, 6, 14, 3
7_27_18 12, 4, 8, 16, 5, 13, 1
5_24_12 8, 16, 4, 12, 13
4_14_10 9, 1, 5, 13
7_15_10 9, 1, 5, 13, 14, 6, 10
5_26_10 8, 16, 4, 12, 5
7_31_02 5, 13, 1, 9, 10, 2, 6
7_4_04 3, 11, 15, 7, 8, 16, 4
3_2_06 16, 8, 12
3_17_20 11, 3, 7
4_26_04 5, 13, 1, 9
4_27_00 3, 11, 15, 7
5_2_04 3, 11, 15, 7, 16
5_25_12 9, 1, 5, 13, 10
7_10_12 9, 1, 5, 13, 6, 14, 2
8_30_02 5, 13, 1, 9, 2, 10, 14, 6
1_23_12 16
7_15_06 7, 15, 3, 11, 12, 4, 8
6_23_02 3, 11, 15, 7, 4, 12
4_5_02 3, 11, 15, 7
8_1_22 12, 4, 8, 16, 13, 5, 9, 1
8_2_14 8, 16, 4, 12, 9, 1, 5, 13
2_20_04 15, 7
6_2_18 10, 2, 6, 14, 7, 15
1_3_08 13
6_1_06 4, 12, 16, 8, 5, 13
4_14_18 13, 5, 9, 1
2_15_10 9, 1
7_2_14 8, 16, 4, 12, 5, 13, 1
3_3_08 5, 13, 9
5_14_22 15, 7, 11, 3, 8
2_22_20 8, 16
5_8_04 4, 12, 16, 8, 9
3_23_06 5, 13, 9
1_24_06 9
4_11_06 6, 14, 2, 10
2_18_18 6, 14
7_31_12 10, 2, 6, 14, 15, 7, 11
7_15_18 13, 5, 9, 1, 2, 10, 14
7_13_12 10, 2, 6, 14, 7, 15, 3
3_15_12 10, 2, 14
8_23_00 2, 10, 14, 6, 3, 11, 15, 7
1_6_10 3
2_28_08 3, 11
2_26_18 8, 16
1_2_08 1
8_28_10 8, 16, 4, 12, 9, 1, 5, 13
4_4_14 8, 16, 4, 12
2_28_00 15, 7
5_15_06 7, 15, 3, 11, 12
1_1_08 5
4_28_00 3, 11, 15, 7
7_8_22 13, 5, 9, 1, 2, 10, 14
1_24_10 11
1_16_12 14
4_14_02 5, 13, 1, 9
7_20_08 5, 13, 1, 9, 10, 2, 6
5_19_04 3, 11, 15, 7, 12
5_2_22 12, 4, 8, 16, 9
3_5_20 12, 4, 8
6_9_20 13, 5, 9, 1, 14, 6
2_3_16 9, 1
1_29_08 8
1_18_22 8
3_31_14 11, 3, 15
4_15_04 6, 14, 2, 10
6_19_12 7, 15, 3, 11, 8, 16
4_27_18 12, 4, 8, 16
6_9_08 7, 15, 3, 11, 8, 16
2_10_04 1, 9
4_31_02 5, 13, 1, 9
7_20_02 2, 10, 14, 6, 7, 15, 3
7_28_04 5, 13, 1, 9, 10, 2, 6
6_5_00 2, 10, 14, 6, 3, 11
3_5_00 2, 10, 14
7_3_18 10, 2, 6, 14, 3, 11, 15
4_1_00 1, 9, 13, 5
3_17_14 8, 16, 4
1_14_06 3
6_15_04 6, 14, 2, 10, 3, 11
6_14_12 10, 2, 6, 14, 3, 11
2_20_06 16, 8
2_18_14 4, 12
5_12_22 14, 6, 10, 2, 3
3_31_04 6, 14, 10
3_1_08 5, 13, 1
1_14_04 2
8_30_06 7, 15, 3, 11, 4, 12, 16, 8
5_8_06 5, 13, 1, 9, 10
3_17_06 4, 12, 16
1_5_08 6
2_30_04 2, 10
5_14_12 10, 2, 6, 14, 3
5_17_18 10, 2, 6, 14, 11
7_3_06 4, 12, 16, 8, 13, 5, 9
5_3_04 3, 11, 15, 7, 12
1_30_06 3
2_19_20 11, 3
3_21_16 10, 2, 6
8_23_12 8, 16, 4, 12, 9, 1, 5, 13
8_16_08 8, 16, 4, 12, 5, 13, 1, 9
1_26_06 2
1_4_16 13
3_25_20 13, 5, 9
1_8_02 7
1_26_04 1
7_7_12 8, 16, 4, 12, 1, 9, 13
2_4_08 1, 9
5_1_20 11, 3, 7, 15, 12
4_30_20 14, 6, 10, 2
2_9_20 13, 5
1_21_18 11
8_28_06 6, 14, 2, 10, 7, 15, 3, 11
3_9_12 9, 1, 5
1_9_10 8
7_26_16 11, 3, 7, 15, 8, 16, 4
4_12_02 4, 12, 16, 8
2_29_14 11, 3
5_8_20 12, 4, 8, 16, 1
4_3_06 4, 12, 16, 8
8_22_14 9, 1, 5, 13, 10, 2, 6, 14
8_26_00 3, 11, 15, 7, 4, 12, 16, 8
3_29_10 9, 1, 5
7_2_12 7, 15, 3, 11, 4, 12, 16
3_27_18 12, 4, 16
5_31_20 14, 6, 10, 2, 3
2_24_10 3, 11
1_11_04 13
1_2_06 16
4_27_04 5, 13, 1, 9
8_1_12 7, 15, 3, 11, 8, 16, 4, 12
5_18_08 5, 13, 1, 9, 2
4_22_22 13, 5, 9, 1
4_8_10 7, 15, 3, 11
2_9_08 7, 15
8_24_02 3, 11, 15, 7, 4, 12, 16, 8
7_29_10 9, 1, 5, 13, 6, 14, 2
1_17_20 11
6_12_08 7, 15, 3, 11, 4, 12
7_8_00 2, 10, 14, 6, 7, 15, 3
5_4_20 11, 3, 7, 15, 16
4_4_02 2, 10, 14, 6
4_31_22 15, 7, 11, 3
5_31_12 10, 2, 6, 14, 15
5_20_20 11, 3, 7, 15, 16
5_28_00 3, 11, 15, 7, 8
8_21_14 9, 1, 5, 13, 10, 2, 6, 14
3_21_14 9, 1, 5
2_6_12 4, 12
7_5_22 13, 5, 9, 1, 14, 6, 10
5_15_20 14, 6, 10, 2, 3
6_29_10 9, 1, 5, 13, 6, 14
2_26_00 15, 7
7_24_04 4, 12, 16, 8, 9, 1, 5
5_24_22 13, 5, 9, 1, 2
7_13_06 7, 15, 3, 11, 4, 12, 16
3_9_18 12, 4, 8
4_8_14 9, 1, 5, 13
2_18_12 3, 11
6_31_04 6, 14, 2, 10, 3, 11
8_9_20 13, 5, 9, 1, 14, 6, 10, 2
3_10_02 16, 8, 12
6_24_08 6, 14, 2, 10, 3, 11
4_20_12 7, 15, 3, 11
4_18_22 12, 4, 8, 16
1_27_10 16
3_24_08 2, 10, 6
7_31_08 8, 16, 4, 12, 13, 5, 9
2_26_04 1, 9
7_28_00 3, 11, 15, 7, 8, 16, 4
6_11_18 12, 4, 8, 16, 13, 5
5_3_12 7, 15, 3, 11, 16
1_1_22 12
8_29_00 4, 12, 16, 8, 1, 9, 13, 5
7_3_14 8, 16, 4, 12, 1, 9, 13
6_25_14 10, 2, 6, 14, 11, 3
8_20_10 6, 14, 2, 10, 7, 15, 3, 11
7_15_00 4, 12, 16, 8, 9, 1, 5
7_24_10 7, 15, 3, 11, 12, 4, 8
5_15_10 9, 1, 5, 13, 14
2_11_12 9, 1
3_4_08 1, 9, 5
5_8_00 2, 10, 14, 6, 7
6_28_18 12, 4, 8, 16, 9, 1
4_9_22 14, 6, 10, 2
1_9_20 13
2_17_06 4, 12
1_30_16 8
7_1_16 9, 1, 5, 13, 10, 2, 6
8_2_08 5, 13, 1, 9, 6, 14, 2, 10
1_27_02 12
4_20_04 3, 11, 15, 7
8_28_18 12, 4, 8, 16, 13, 5, 9, 1
1_17_02 2
7_21_04 4, 12, 16, 8, 5, 13, 1
2_5_10 7, 15
8_20_08 5, 13, 1, 9, 6, 14, 2, 10
8_3_12 7, 15, 3, 11, 8, 16, 4, 12
1_20_12 11
4_29_04 6, 14, 2, 10
1_20_04 7
5_13_12 10, 2, 6, 14, 7
1_22_00 14
1_1_14 8
6_9_04 5, 13, 1, 9, 6, 14
4_27_02 4, 12, 16, 8
4_19_06 4, 12, 16, 8
4_10_20 13, 5, 9, 1
2_29_20 14, 6
8_6_20 12, 4, 8, 16, 13, 5, 9, 1
7_1_06 4, 12, 16, 8, 5, 13, 1
2_25_00 3, 11
8_4_16 9, 1, 5, 13, 10, 2, 6, 14
2_21_14 9, 1
8_25_18 12, 4, 8, 16, 13, 5, 9, 1
4_3_04 3, 11, 15, 7
4_8_18 11, 3, 7, 15
7_12_10 8, 16, 4, 12, 13, 5, 9
4_15_22 15, 7, 11, 3
4_26_22 14, 6, 10, 2
1_29_02 5
5_31_14 11, 3, 7, 15, 16
1_9_02 4
4_8_22 13, 5, 9, 1
4_3_12 7, 15, 3, 11
5_12_16 11, 3, 7, 15, 16
3_22_20 8, 16, 4
3_11_22 14, 6, 2
7_14_10 9, 1, 5, 13, 2, 10, 14
7_6_20 12, 4, 8, 16, 9, 1, 5
3_23_08 6, 14, 10
8_28_04 5, 13, 1, 9, 6, 14, 2, 10
2_23_08 6, 14
5_29_00 4, 12, 16, 8, 1
8_22_16 10, 2, 6, 14, 11, 3, 7, 15
6_31_10 9, 1, 5, 13, 6, 14
5_10_16 11, 3, 7, 15, 8
6_17_12 7, 15, 3, 11, 8, 16
2_5_18 11, 3
8_6_12 8, 16, 4, 12, 9, 1, 5, 13
5_9_04 5, 13, 1, 9, 6
2_16_02 1, 9
3_18_22 8, 16, 4
1_20_16 13
8_27_18 12, 4, 8, 16, 13, 5, 9, 1
6_12_00 3, 11, 15, 7, 16, 8
8_12_04 5, 13, 1, 9, 6, 14, 2, 10
8_15_12 10, 2, 6, 14, 7, 15, 3, 11
7_28_08 7, 15, 3, 11, 12, 4, 8
7_20_16 9, 1, 5, 13, 14, 6, 10
6_31_06 7, 15, 3, 11, 4, 12
4_24_22 13, 5, 9, 1
8_22_22 13, 5, 9, 1, 14, 6, 10, 2
4_2_18 10, 2, 6, 14
8_19_14 8, 16, 4, 12, 9, 1, 5, 13
4_23_18 11, 3, 7, 15
7_17_08 5, 13, 1, 9, 6, 14, 2
7_25_12 9, 1, 5, 13, 10, 2, 6
5_14_06 7, 15, 3, 11, 16
6_24_00 2, 10, 14, 6, 15, 7
7_13_00 4, 12, 16, 8, 1, 9, 13
8_17_22 12, 4, 8, 16, 13, 5, 9, 1
4_13_10 9, 1, 5, 13
5_6_00 2, 10, 14, 6, 15
2_5_04 4, 12
6_19_18 10, 2, 6, 14, 11, 3
6_13_18 13, 5, 9, 1, 10, 2
3_1_02 2, 10, 14
3_4_18 6, 14, 10
2_23_14 9, 1
8_20_12 7, 15, 3, 11, 8, 16, 4, 12
3_28_12 5, 13, 9
1_27_00 11
5_18_12 7, 15, 3, 11, 4
1_24_00 6
4_29_12 10, 2, 6, 14
4_28_22 14, 6, 10, 2
3_12_08 3, 11, 7
7_28_18 12, 4, 8, 16, 1, 9, 13
8_5_14 9, 1, 5, 13, 10, 2, 6, 14
5_29_20 14, 6, 10, 2, 11
5_25_22 14, 6, 10, 2, 15
8_23_20 12, 4, 8, 16, 13, 5, 9, 1
7_30_08 8, 16, 4, 12, 1, 9, 13
4_17_02 2, 10, 14, 6
5_6_14 9, 1, 5, 13, 6
1_9_06 6
3_22_18 7, 15, 3
7_5_10 7, 15, 3, 11, 8, 16, 4
3_6_16 6, 14, 2
3_10_22 10, 2, 6
3_19_08 5, 13, 9
4_6_22 13, 5, 9, 1
1_20_18 14
5_22_12 8, 16, 4, 12, 5
1_31_20 6
3_24_18 7, 15, 11
5_31_22 15, 7, 11, 3, 4
1_6_14 5
2_1_00 1, 9
6_13_10 9, 1, 5, 13, 6, 14
8_21_02 3, 11, 15, 7, 4, 12, 16, 8
4_26_10 8, 16, 4, 12
5_5_10 7, 15, 3, 11, 8
8_2_22 12, 4, 8, 16, 13, 5, 9, 1
2_12_12 5, 13
6_7_00 2, 10, 14, 6, 3, 11
8_2_10 6, 14, 2, 10, 7, 15, 3, 11
5_10_14 10, 2, 6, 14, 7
3_25_14 10, 2, 6
4_18_06 4, 12, 16, 8
7_7_00 2, 10, 14, 6, 11, 3, 7
6_7_14 9, 1, 5, 13, 10, 2
7_1_22 12, 4, 8, 16, 13, 5, 9
3_4_12 3, 11, 7
7_3_00 1, 9, 13, 5, 10, 2, 6
8_1_10 6, 14, 2, 10, 7, 15, 3, 11
5_29_10 9, 1, 5, 13, 6
4_18_20 11, 3, 7, 15
8_25_06 6, 14, 2, 10, 7, 15, 3, 11
6_14_02 5, 13, 1, 9, 14, 6
3_11_02 4, 12, 8
5_10_22 14, 6, 10, 2, 11
6_21_14 9, 1, 5, 13, 10, 2
3_9_06 6, 14, 2
5_22_16 10, 2, 6, 14, 7
3_30_10 5, 13, 1
8_31_18 13, 5, 9, 1, 10, 2, 6, 14
6_29_20 14, 6, 10, 2, 11, 3
5_24_04 4, 12, 16, 8, 9
8_9_18 12, 4, 8, 16, 13, 5, 9, 1
5_27_22 14, 6, 10, 2, 7
2_14_20 10, 2
8_12_22 14, 6, 10, 2, 15, 7, 11, 3
6_11_06 6, 14, 2, 10, 7, 15
6_24_02 3, 11, 15, 7, 16, 8
4_1_08 5, 13, 1, 9
3_13_16 12, 4, 8
8_31_00 4, 12, 16, 8, 1, 9, 13, 5
8_19_16 9, 1, 5, 13, 10, 2, 6, 14
6_27_12 9, 1, 5, 13, 10, 2
6_16_16 12, 4, 8, 16, 5, 13
8_13_06 7, 15, 3, 11, 4, 12, 16, 8
2_22_06 1, 9
6_20_22 12, 4, 8, 16, 9, 1
4_30_18 13, 5, 9, 1
6_9_12 9, 1, 5, 13, 10, 2
6_3_00 1, 9, 13, 5, 2, 10
6_28_02 4, 12, 16, 8, 1, 9
6_21_08 6, 14, 2, 10, 7, 15
1_24_16 14
8_10_10 8, 16, 4, 12, 9, 1, 5, 13
1_13_22 15
2_20_20 7, 15
6_14_10 9, 1, 5, 13, 2, 10
7_29_08 8, 16, 4, 12, 5, 13, 1
8_18_14 8, 16, 4, 12, 9, 1, 5, 13
1_6_12 4
5_15_02 5, 13, 1, 9, 10
6_5_08 6, 14, 2, 10, 7, 15
3_5_14 9, 1, 5
8_11_18 12, 4, 8, 16, 13, 5, 9, 1
3_12_06 2, 10, 6
2_3_10 6, 14
8_15_18 13, 5, 9, 1, 10, 2, 6, 14
2_15_08 8, 16
8_19_04 3, 11, 15, 7, 4, 12, 16, 8
1_6_00 14
6_16_14 11, 3, 7, 15, 4, 12
5_7_04 4, 12, 16, 8, 13
1_31_18 5
2_1_06 4, 12
5_23_22 13, 5, 9, 1, 6
3_23_12 8, 16, 12
1_10_08 3
8_23_10 7, 15, 3, 11, 8, 16, 4, 12
5_13_18 13, 5, 9, 1, 10
6_16_06 7, 15, 3, 11, 16, 8
5_20_06 4, 12, 16, 8, 9
1_16_16 16
8_6_00 2, 10, 14, 6, 3, 11, 15, 7
8_7_14 9, 1, 5, 13, 10, 2, 6, 14
8_23_22 13, 5, 9, 1, 14, 6, 10, 2
1_4_20 15
5_21_04 4, 12, 16, 8, 5
4_15_14 11, 3, 7, 15
4_16_22 15, 7, 11, 3
7_14_00 4, 12, 16, 8, 13, 5, 9
1_20_00 5
2_14_22 11, 3
3_22_00 14, 6, 10
5_3_14 8, 16, 4, 12, 1
5_30_18 13, 5, 9, 1, 6
3_7_16 10, 2, 14
6_5_10 7, 15, 3, 11, 8, 16
4_2_04 3, 11, 15, 7
5_20_10 6, 14, 2, 10, 11
3_8_02 15, 7, 3
1_30_14 7
2_19_02 2, 10
1_19_12 15
3_3_06 4, 12, 8
5_2_16 9, 1, 5, 13, 6
2_14_14 7, 15
5_12_10 8, 16, 4, 12, 13
1_14_14 7
2_14_08 4, 12
8_4_10 6, 14, 2, 10, 7, 15, 3, 11
1_9_14 10
1_24_20 16
7_14_04 6, 14, 2, 10, 15, 7, 11
1_30_08 4
1_25_00 3
1_27_08 15
1_3_16 1
4_1_12 7, 15, 3, 11
4_22_00 2, 10, 14, 6
3_15_08 8, 16, 12
7_17_22 12, 4, 8, 16, 13, 5, 9
7_2_10 6, 14, 2, 10, 3, 11, 15
4_15_02 5, 13, 1, 9
5_21_10 7, 15, 3, 11, 8
6_12_12 9, 1, 5, 13, 6, 14
7_16_08 8, 16, 4, 12, 9, 1, 5
7_11_16 11, 3, 7, 15, 4, 12, 16
2_30_12 6, 14
8_21_18 11, 3, 7, 15, 12, 4, 8, 16
4_27_10 8, 16, 4, 12
8_9_10 8, 16, 4, 12, 9, 1, 5, 13
1_4_14 12
1_28_20 1
1_26_18 8
3_8_04 16, 8, 4
1_24_18 15
6_15_10 9, 1, 5, 13, 6, 14
1_31_00 12
8_5_04 4, 12, 16, 8, 5, 13, 1, 9
4_24_20 12, 4, 8, 16
8_20_16 9, 1, 5, 13, 10, 2, 6, 14
5_26_06 6, 14, 2, 10, 3
4_17_20 11, 3, 7, 15
4_17_14 8, 16, 4, 12
1_8_16 14
2_18_16 5, 13
7_5_04 4, 12, 16, 8, 5, 13, 1
3_11_14 10, 2, 14
4_19_02 2, 10, 14, 6
6_3_02 2, 10, 14, 6, 3, 11
6_24_22 13, 5, 9, 1, 10, 2
1_11_12 1
8_16_22 15, 7, 11, 3, 12, 4, 8, 16
6_30_22 15, 7, 11, 3, 8, 16
6_16_12 10, 2, 6, 14, 3, 11
3_30_12 6, 14, 2
4_18_04 3, 11, 15, 7
4_28_10 8, 16, 4, 12
8_20_14 8, 16, 4, 12, 9, 1, 5, 13
4_5_04 4, 12, 16, 8
2_28_06 2, 10
6_11_16 11, 3, 7, 15, 12, 4
1_31_16 4
5_6_16 10, 2, 6, 14, 7
6_10_10 8, 16, 4, 12, 5, 13
4_26_18 12, 4, 8, 16
1_27_12 1
7_24_22 13, 5, 9, 1, 2, 10, 14
8_14_00 4, 12, 16, 8, 1, 9, 13, 5
8_10_06 6, 14, 2, 10, 7, 15, 3, 11
2_20_00 13, 5
1_6_22 9
1_13_12 10
2_7_00 2, 10
3_13_20 14, 6, 10
1_3_22 4
4_10_02 4, 12, 16, 8
4_7_04 4, 12, 16, 8
8_31_08 8, 16, 4, 12, 5, 13, 1, 9
5_18_18 10, 2, 6, 14, 7
6_22_08 6, 14, 2, 10, 3, 11
2_1_12 7, 15
2_10_12 5, 13
3_26_18 8, 16, 4
4_16_00 4,12, 16, 8
3_2_14 4, 12, 16
5_21_16 10, 2, 6, 14, 11
6_10_08 7, 15, 3, 11, 4, 12
7_8_14 9, 1, 5, 13, 14, 6, 10
6_24_16 10, 2, 6, 14, 7, 15
8_2_20 11, 3, 7, 15, 12, 4, 8, 16
7_11_00 3, 11, 15, 7, 12, 4, 8
4_20_14 8, 16, 4, 12
2_7_08 6, 14
3_10_10 4, 12, 16
3_28_08 3, 11, 7
5_28_16 11, 3, 7, 15, 16
7_6_10 7, 15, 3, 11, 4, 12, 16
6_26_10 8, 16, 4, 12, 5, 13
2_28_10 4, 12
7_14_20 14, 6, 10, 2, 7, 15, 3
8_9_16 11, 3, 7, 15, 12, 4, 8, 16
3_2_18 6, 14, 2
8_12_16 11, 3, 7, 15, 12, 4, 8, 16
7_29_16 12, 4, 8, 16, 9, 1, 5
6_25_02 4, 12, 16, 8, 5, 13
2_3_12 7, 15
2_10_10 4, 12
5_23_08 6, 14, 2, 10, 15
8_16_20 14, 6, 10, 2, 11, 3, 7, 15
5_31_04 6, 14, 2, 10, 11
4_15_20 14, 6, 10, 2
6_24_04 4, 12, 16, 8, 1, 9
2_27_00 3, 11
1_14_22 11
2_4_14 4, 12
7_19_10 6, 14, 2, 10, 15, 7, 11
4_12_04 5, 13, 1, 9
3_5_12 8, 16, 4
5_21_14 9, 1, 5, 13, 10
8_12_12 9, 1, 5, 13, 10, 2, 6, 14
4_6_06 5, 13, 1, 9
2_8_14 5, 13
3_4_14 4, 12, 8
1_29_10 9
1_2_20 7
1_15_06 15
3_2_22 8, 16, 4
6_12_22 14, 6, 10, 2, 11, 3
4_2_20 11, 3, 7, 15
3_24_14 5, 13, 9
8_21_04 4, 12, 16, 8, 5, 13, 1, 9
7_25_20 13, 5, 9, 1, 14, 6, 10
6_10_14 10, 2, 6, 14, 7, 15
2_13_16 12, 4
6_9_00 3, 11, 15, 7, 4, 12
7_19_18 10, 2, 6, 14, 3, 11, 15
3_14_06 3, 11, 15
2_15_00 4,12
7_10_20 13, 5, 9, 1, 10, 2, 6
5_11_12 9, 1, 5, 13, 2
4_10_08 7, 15, 3, 11
6_3_04 3, 11, 15, 7, 4, 12
8_31_02 5, 13, 1, 9, 2, 10, 14, 6
7_20_14 8, 16, 4, 12, 13, 5, 9
4_24_12 8, 16, 4, 12
8_3_04 3, 11, 15, 7, 4, 12, 16, 8
5_5_20 12, 4, 8, 16, 13
8_22_10 7, 15, 3, 11, 8, 16, 4, 12
1_14_20 10
5_29_08 8, 16, 4, 12, 5
8_28_12 9, 1, 5, 13, 10, 2, 6, 14
6_11_04 5, 13, 1, 9, 6, 14
3_29_08 8, 16, 4
7_4_06 4, 12, 16, 8, 9, 1, 5
7_7_08 6, 14, 2, 10, 15, 7, 11
4_25_14 10, 2, 6, 14
4_27_16 11, 3, 7, 15
4_3_20 11, 3, 7, 15
4_21_06 5, 13, 1, 9
5_3_16 9, 1, 5, 13, 2
5_6_08 6, 14, 2, 10, 3
3_15_00 4,12, 8
3_19_18 10, 2, 14
8_6_06 5, 13, 1, 9, 6, 14, 2, 10
2_7_18 11, 3
2_24_12 4, 12
4_23_04 4, 12, 16, 8
3_6_20 8, 16, 4
3_11_20 13, 5, 1
2_20_10 2, 10
1_30_12 6
5_16_14 11, 3, 7, 15, 12
4_2_14 8, 16, 4, 12
6_15_14 11, 3, 7, 15, 8, 16
3_12_18 8, 16, 12
2_26_02 16, 8
6_2_12 7, 15, 3, 11, 4, 12
1_29_16 12
2_1_08 5, 13
6_2_16 9, 1, 5, 13, 6, 14
1_5_04 4
5_29_14 11, 3, 7, 15, 8
7_12_20 13, 5, 9, 1, 2, 10, 14
1_2_02 14
7_30_22 15, 7, 11, 3, 8, 16, 4
2_16_20 10, 2
6_30_14 11, 3, 7, 15, 4, 12
8_27_16 11, 3, 7, 15, 12, 4, 8, 16
8_21_00 2, 10, 14, 6, 3, 11, 15, 7
7_22_20 12, 4, 8, 16, 9, 1, 5
1_29_12 10
4_25_06 6, 14, 2, 10
1_28_16 15
2_26_14 6, 14
6_18_18 10, 2, 6, 14, 7, 15
4_13_22 15, 7, 11, 3
8_27_04 5, 13, 1, 9, 6, 14, 2, 10
7_9_14 10, 2, 6, 14, 11, 3, 7
7_19_08 5, 13, 1, 9, 14, 6, 10
8_26_14 10, 2, 6, 14, 11, 3, 7, 15
8_18_08 5, 13, 1, 9, 6, 14, 2, 10
1_18_20 7
6_13_02 5, 13, 1, 9, 2, 10
5_18_00 1, 9, 13, 5, 14
2_13_18 13, 5
6_10_22 14, 6, 10, 2, 11, 3
1_22_22 9
1_3_10 14
1_9_22 14
4_6_14 9, 1, 5, 13
7_15_14 11, 3, 7, 15, 16, 8, 12
8_22_06 5, 13, 1, 9, 6, 14, 2, 10
5_29_06 7, 15, 3, 11, 4
8_10_22 14, 6, 10, 2, 15, 7, 11, 3
8_26_08 7, 15, 3, 11, 8, 16, 4, 12
8_12_06 6, 14, 2, 10, 7, 15, 3, 11
7_28_22 14, 6, 10, 2, 3, 11, 15
6_27_06 6, 14, 2, 10, 7, 15
3_14_02 1, 9, 13
1_27_16 3
1_12_12 13
2_10_16 7, 15
5_26_00 3, 11, 15, 7, 16
5_3_02 2, 10, 14, 6, 11
5_20_18 10, 2, 6, 14, 15
5_16_12 10, 2, 6, 14, 11
7_19_22 12, 4, 8, 16, 5, 13, 1
8_4_22 12, 4, 8, 16, 13, 5, 9, 1
3_7_10 7, 15, 11
1_9_00 3
5_26_02 4, 12, 16, 8, 1
1_3_18 2
6_20_08 5, 13, 1, 9, 2, 10
1_6_18 7
7_18_06 4, 12, 16, 8, 1, 9, 13
4_24_02 3, 11, 15, 7
5_4_14 8, 16, 4, 12, 13
1_29_04 6
7_6_16 10, 2, 6, 14, 7, 15, 3
6_5_12 8, 16, 4, 12, 9, 1
4_1_06 4, 12, 16, 8
5_16_22 15, 7, 11, 3, 16
5_17_20 11, 3, 7, 15, 12
1_31_08 16
8_13_08 8, 16, 4, 12, 5, 13, 1, 9
3_21_12 8, 16, 4
1_23_20 4
2_12_14 6, 14
2_2_22 8, 16
1_6_06 1
7_31_10 9, 1, 5, 13, 14, 6, 10
4_16_20 14, 6, 10, 2
6_7_18 11, 3, 7, 15, 12, 4
5_11_10 8, 16, 4, 12, 1
8_16_14 11, 3, 7, 15, 8, 16, 4, 12
5_1_08 5, 13, 1, 9, 6
8_21_16 10, 2, 6, 14, 11, 3, 7, 15
5_21_20 12, 4, 8, 16, 13
8_22_00 2, 10, 14, 6, 3, 11, 15, 7
4_11_02 4, 12, 16, 8
2_21_12 8, 16
6_27_20 13, 5, 9, 1, 14, 6
4_3_02 2, 10, 14, 6
2_4_20 7, 15
3_22_06 1, 9, 13
4_22_16 10, 2, 6, 14
8_13_20 14, 6, 10, 2, 11, 3, 7, 15
4_8_12 8, 16, 4, 12
3_4_22 8, 16, 12
2_26_06 2, 10
7_5_08 6, 14, 2, 10, 7, 15, 3
3_11_10 8, 16, 12
6_10_18 12, 4, 8, 16, 9, 1
1_31_10 1
2_11_20 13, 5
1_7_22 5
5_12_00 3, 11, 15, 7, 8
5_27_08 7, 15, 3, 11, 16
4_24_04 4, 12, 16, 8
2_12_18 8, 16
7_1_08 5, 13, 1, 9, 6, 14, 2
3_4_10 2, 10, 6
5_22_08 6, 14, 2, 10, 3
4_16_12 10, 2, 6, 14
8_13_04 6, 14, 2, 10, 3, 11, 15, 7
3_13_08 8, 16, 4
7_24_16 10, 2, 6, 14, 15, 7, 11
6_11_08 7, 15, 3, 11, 8, 16
6_2_02 2, 10, 14, 6, 15, 7
2_22_22 9, 1
6_4_04 3, 11, 15, 7, 16, 8
4_19_08 5, 13, 1, 9
6_9_16 11, 3, 7, 15, 12, 4
6_4_10 6, 14, 2, 10, 3, 11
7_27_02 4, 12, 16, 8, 13, 5, 9
6_2_22 12, 4, 8, 16, 9, 1
5_11_02 4, 12, 16, 8, 13
1_20_20 15
6_14_00 4, 12, 16, 8, 13, 5
6_19_16 9, 1, 5, 13, 10, 2
6_6_20 12, 4, 8, 16, 9, 1
3_29_18 13, 5, 9
5_15_00 4, 12, 16, 8, 9
5_29_22 15, 7, 11, 3, 12
5_2_00 1, 9, 13, 5, 14
1_12_00 7
1_7_10 15
2_30_20 10, 2
5_10_18 12, 4, 8, 16, 9
1_8_10 11
4_15_08 8, 16, 12
6_2_00 1, 9, 13, 5, 14, 6
8_11_20 13, 5, 9, 1, 14, 6, 10, 2
7_23_10 7, 15, 3, 11, 16, 8, 12
1_30_10 5
1_19_08 13
7_29_12 10, 2, 6, 14, 7, 15, 3
6_7_06 5, 13, 1, 9, 6, 14
8_30_16 12, 4, 8, 16, 9, 1, 5, 13
1_22_20 8
3_9_16 11, 3, 7
5_7_14 9, 1, 5, 13, 2
3_9_00 3, 11, 15
3_29_14 11, 3, 7
6_17_02 2, 10, 14, 6, 3, 11
3_22_16 6, 14, 2
5_14_16 12, 4, 8, 16, 5
3_2_02 14, 6, 10
6_5_06 5, 13, 1, 9, 6, 14
2_30_16 8, 16
1_30_22 11
4_19_22 12, 4, 8, 16
1_7_20 4
7_2_20 11, 3, 7, 15, 8, 16, 4
4_28_18 12, 4, 8, 16
5_14_18 13, 5, 9, 1, 6
5_11_04 5, 13, 1, 9, 14
8_4_18 10, 2, 6, 14, 11, 3, 7, 15
6_26_20 13, 5, 9, 1, 10, 2
3_15_14 11, 3, 15
7_2_02 2, 10, 14, 6, 15, 7, 11
2_24_18 7, 15
8_28_22 14, 6, 10, 2, 15, 7, 11, 3
1_6_08 2
5_14_10 9, 1, 5, 13, 2
8_9_02 4, 12, 16, 8, 5, 13, 1, 9
8_26_04 5, 13, 1, 9, 6, 14, 2, 10
7_13_20 14, 6, 10, 2, 11, 3, 7
3_7_18 11, 3, 15
3_31_12 10, 2, 14
3_23_04 4, 12, 8
7_19_12 7, 15, 3, 11, 16, 8, 12
4_30_04 6, 14, 2, 10
8_23_06 5, 13, 1, 9, 6, 14, 2, 10
1_15_08 16
8_20_06 4, 12, 16, 8, 5, 13, 1, 9
2_13_22 15, 7
4_15_00 4,12, 16, 8
2_18_20 7, 15
8_26_20 13, 5, 9, 1, 14, 6, 10, 2
8_15_06 7, 15, 3, 11, 4, 12, 16, 8
5_14_14 11, 3, 7, 15, 4
7_23_12 8, 16, 4, 12, 1, 9, 13
2_25_02 4, 12
5_24_18 11, 3, 7, 15, 16
6_15_20 14, 6, 10, 2, 11, 3
8_23_18 11, 3, 7, 15, 12, 4, 8, 16
3_12_20 9, 1, 13
2_20_14 4, 12
3_29_22 15, 7, 11
5_18_02 2, 10, 14, 6, 15
8_1_20 11, 3, 7, 15, 12, 4, 8, 16
1_2_00 13
4_7_00 2, 10, 14, 6
6_6_18 11, 3, 7, 15, 8, 16
2_19_08 5, 13
3_24_04 16, 8, 4
1_24_12 12
1_18_12 3
6_21_20 12, 4, 8, 16, 13, 5
6_27_10 8, 16, 4, 12, 9, 1
1_3_00 9
3_1_22 12, 4, 8
4_23_20 12, 4, 8, 16
6_18_14 8, 16, 4, 12, 5, 13
7_16_12 10, 2, 6, 14, 11, 3, 7
1_1_18 10
7_22_02 3, 11, 15, 7, 16, 8, 12
2_1_20 11, 3
4_29_14 11, 3, 7, 15
4_20_16 9, 1, 5, 13
8_5_00 2, 10, 14, 6, 3, 11, 15, 7
8_3_16 9, 1, 5, 13, 10, 2, 6, 14
6_30_02 5, 13, 1, 9, 14, 6
6_19_10 6, 14, 2, 10, 7, 15
1_17_12 7
2_14_04 2, 10
1_23_18 3
1_22_18 7
6_18_16 9, 1, 5, 13, 6, 14
4_13_14 11, 3, 7, 15
2_19_14 8, 16
3_31_06 7, 15, 11
6_30_06 7, 15, 3, 11, 16, 8
7_28_14 10, 2, 6, 14, 15, 7, 11
6_26_02 4, 12, 16, 8, 1, 9
7_25_10 8, 16, 4, 12, 9, 1, 5
5_9_22 14, 6, 10, 2, 15
1_16_18 1
7_15_04 6, 14, 2, 10, 11, 3, 7
2_19_00 1, 9
4_8_04 4, 12, 16, 8
7_21_22 13, 5, 9, 1, 14, 6, 10
2_3_22 12, 4
8_3_00 1, 9, 13, 5, 2, 10, 14, 6
1_20_10 10
5_12_18 12, 4, 8, 16, 1
2_21_10 7, 15
8_14_08 8, 16, 4, 12, 5, 13, 1, 9
8_5_16 10, 2, 6, 14, 11, 3, 7, 15
6_6_06 5, 13, 1, 9, 2, 10
2_10_00 15, 7
2_6_20 8, 16
3_25_08 7, 15, 3
1_5_18 11
5_13_20 14, 6, 10, 2, 11
1_13_02 5
2_26_20 9, 1
3_18_14 4, 12, 16
8_4_04 3, 11, 15, 7, 4, 12, 16, 8
1_19_06 12
1_19_16 1
5_4_02 2, 10, 14, 6, 7
5_7_00 2, 10, 14, 6, 11
4_6_08 6, 14, 2, 10
1_10_14 6
7_6_04 4, 12, 16, 8, 1, 9, 13
8_17_00 1, 9, 13, 5, 2, 10, 14, 6
2_5_12 8, 16
5_8_22 13, 5, 9, 1, 2
7_10_22 14, 6, 10, 2, 11, 3, 7
7_8_20 12, 4, 8, 16, 1, 9, 13
6_25_22 14, 6, 10, 2, 15, 7
8_29_16 12, 4, 8, 16, 9, 1, 5, 13
5_17_02 2, 10, 14, 6, 3
2_9_16 11, 3
7_26_02 4, 12, 16, 8, 1, 9, 13
7_23_08 6, 14, 2, 10, 15, 7, 11
3_21_22 13, 5, 9
4_9_10 8, 16, 4, 12
8_3_02 2, 10, 14, 6, 3, 11, 15, 7
5_15_16 12, 4, 8, 16, 1
4_2_06 4, 12, 16, 8
4_6_04 4, 12, 16, 8
1_21_02 3
1_21_00 2
8_29_14 11, 3, 7, 15, 8, 16, 4, 12
2_2_08 1, 9
4_27_06 6, 14, 2, 10
6_30_00 4, 12, 16, 8, 13, 5
5_26_14 10, 2, 6, 14, 7
3_13_14 11, 3, 7
6_12_04 5, 13, 1, 9, 2, 10
1_26_14 6
3_8_06 1, 9, 5
4_28_02 4, 12, 16, 8
6_25_04 5, 13, 1, 9, 6, 14
4_10_16 11, 3, 7, 15
5_17_04 3, 11, 15, 7, 4
7_10_08 7, 15, 3, 11, 4, 12, 16
6_10_06 6, 14, 2, 10, 3, 11
4_21_02 3, 11, 15, 7
3_23_16 10, 2, 14
4_18_12 7, 15, 3, 11
4_20_06 4, 12, 16, 8
6_30_08 8, 16, 4, 12, 1, 9
1_13_04 6
8_27_02 4, 12, 16, 8, 5, 13, 1, 9
5_2_08 5, 13, 1, 9, 2
7_23_22 13, 5, 9, 1, 6, 14, 2
5_10_20 13, 5, 9, 1, 10
1_21_16 10
2_17_12 7, 15
7_3_08 5, 13, 1, 9, 14, 6, 10
3_20_10 2, 10, 6
3_10_04 1, 9, 13
4_27_20 13, 5, 9, 1
2_1_18 10, 2
1_14_02 1
5_5_00 2, 10, 14, 6, 3
4_19_16 9, 1, 5, 13
3_6_22 9, 1, 5
6_3_20 11, 3, 7, 15, 12, 4
6_23_10 7, 15, 3, 11, 8, 16
3_19_14 8, 16, 12
5_5_06 5, 13, 1, 9, 6
4_24_10 7, 15, 3, 11
7_14_06 7, 15, 3, 11, 16, 8, 12
3_24_00 14, 6, 2
3_25_02 4, 12, 16
3_21_08 6, 14, 2
8_31_06 7, 15, 3, 11, 4, 12, 16, 8
7_10_18 12, 4, 8, 16, 9, 1, 5
3_5_10 7, 15, 3
8_13_22 15, 7, 11, 3, 12, 4, 8, 16
7_11_10 8, 16, 4, 12, 1, 9, 13
5_3_08 5, 13, 1, 9, 14
3_30_04 2, 10, 14
6_4_02 2, 10, 14, 6, 15, 7
8_1_04 3, 11, 15, 7, 4, 12, 16, 8
5_22_22 13, 5, 9, 1, 10
5_14_20 14, 6, 10, 2, 7
2_17_22 12, 4
7_21_06 5, 13, 1, 9, 6, 14, 2
3_21_06 5, 13, 1
5_21_02 3, 11, 15, 7, 4
7_6_22 13, 5, 9, 1, 10, 2, 6
6_18_06 4, 12, 16, 8, 1, 9
3_21_02 3, 11, 15
6_26_12 9, 1, 5, 13, 6, 14
8_22_12 8, 16, 4, 12, 9, 1, 5, 13
1_7_00 10
4_11_16 11, 3, 7, 15
6_23_22 13, 5, 9, 1, 14, 6
5_13_22 15, 7, 11, 3, 12
6_15_12 10, 2, 6, 14, 7, 15
5_1_16 9, 1, 5, 13, 10
2_22_04 16, 8
3_12_10 4, 12, 8
4_17_10 6, 14, 2, 10
6_11_00 3, 11, 15, 7, 4, 12
7_5_16 10, 2, 6, 14, 11, 3, 7
7_11_18 12, 4, 8, 16, 5, 13, 1
7_28_06 6, 14, 2, 10, 11, 3, 7
8_8_20 12, 4, 8, 16, 13, 5, 9, 1
5_11_14 10, 2, 6, 14, 3
8_1_08 5, 13, 1, 9, 6, 14, 2, 10
7_18_14 8, 16, 4, 12, 5, 13, 1
6_2_14 8, 16, 4, 12, 5, 13
7_21_02 3, 11, 15, 7, 4, 12, 16
3_20_04 15, 7, 3
5_20_12 7, 15, 3, 11, 12
3_6_18 7, 15, 3
6_17_04 3, 11, 15, 7, 4, 12
6_9_02 4, 12, 16, 8, 5, 13
4_14_04 6, 14, 2, 10
7_20_20 11, 3, 7, 15, 16, 8, 12
2_1_16 9, 1
2_29_18 13, 5
4_18_16 9, 1, 5, 13
5_5_12 8, 16, 4, 12, 9
1_12_20 1
4_24_16 10, 2, 6, 14
8_1_00 1, 9, 13, 5, 2, 10, 14, 6
2_18_02 14, 6
2_9_12 9, 1
3_31_00 4,12, 8
5_25_02 4, 12, 16, 8, 5
5_4_00 1, 9, 13, 5, 6
5_28_08 7, 15, 3, 11, 12
8_25_02 4, 12, 16, 8, 5, 13, 1, 9
7_26_10 8, 16, 4, 12, 5, 13, 1
3_3_04 3, 11, 7
1_25_08 7
8_27_20 13, 5, 9, 1, 14, 6, 10, 2
3_8_08 2, 10, 6
2_6_04 16, 8
4_28_12 9, 1, 5, 13
2_11_02 4, 12
4_31_18 13, 5, 9, 1
4_26_08 7, 15, 3, 11
6_2_08 5, 13, 1, 9, 2, 10
4_7_08 6, 14, 2, 10
5_18_06 4, 12, 16, 8, 1
6_28_22 14, 6, 10, 2, 11, 3
7_31_18 13, 5, 9, 1, 2, 10, 14
7_23_20 12, 4, 8, 16, 5, 13, 1
5_29_02 5, 13, 1, 9, 2
4_12_10 8, 16, 4, 12
2_31_20 14, 6
4_30_22 15, 7, 11, 3
3_20_18 6, 14, 10
2_5_02 3, 11
6_7_08 6, 14, 2, 10, 7, 15
3_9_20 13, 5, 9
1_11_22 6
2_14_18 9, 1
2_10_18 8, 16
2_7_02 3, 11
5_27_12 9, 1, 5, 13, 2
2_7_16 10, 2
2_2_12 3, 11
4_4_06 4, 12, 16, 8
6_24_14 9, 1, 5, 13, 6, 14
8_31_16 12, 4, 8, 16, 9, 1, 5, 13
8_29_10 9, 1, 5, 13, 6, 14, 2, 10
7_14_08 8, 16, 4, 12, 1, 9, 13
5_22_20 12, 4, 8, 16, 9
4_5_06 5, 13, 1, 9
2_29_12 10, 2
8_3_20 11, 3, 7, 15, 12, 4, 8, 16
4_25_16 11, 3, 7, 15
3_27_06 6, 14, 10
4_12_08 7, 15, 3, 11
6_20_20 11, 3, 7, 15, 8, 16
3_26_12 5, 13, 1
7_27_06 6, 14, 2, 10, 15, 7, 11
7_15_22 15, 7, 11, 3, 4, 12, 16
1_16_14 15
3_29_06 7, 15, 3
4_12_12 9, 1, 5, 13
2_21_04 4, 12
1_16_04 10
8_14_20 14, 6, 10, 2, 11, 3, 7, 15
1_22_06 1
8_8_12 8, 16, 4, 12, 9, 1, 5, 13
8_31_12 10, 2, 6, 14, 7, 15, 3, 11
1_27_20 5
5_20_02 2, 10, 14, 6, 7
1_2_18 6
6_29_18 13, 5, 9, 1, 10, 2
8_5_08 6, 14, 2, 10, 7, 15, 3, 11
4_30_08 8, 16, 4, 12
1_16_08 12
7_30_20 14, 6, 10, 2, 7, 15, 3
6_15_06 7, 15, 3, 11, 4, 12
1_8_00 6
3_13_18 13, 5, 9
1_26_08 3
7_2_18 10, 2, 6, 14, 7, 15, 3
4_22_14 9, 1, 5, 13
5_25_08 7, 15, 3, 11, 8
4_14_06 7, 15, 3, 11
6_31_12 10, 2, 6, 14, 7, 15
8_10_04 5, 13, 1, 9, 6, 14, 2, 10
7_12_12 9, 1, 5, 13, 14, 6, 10
5_21_06 5, 13, 1, 9, 6
2_21_02 3, 11
5_8_16 10, 2, 6, 14, 15
5_2_18 10, 2, 6, 14, 7
2_13_20 14, 6
5_16_00 4, 12, 16, 8, 5
8_27_06 6, 14, 2, 10, 7, 15, 3, 11
4_18_14 8, 16, 4, 12
7_1_04 3, 11, 15, 7, 4, 12, 16
1_27_18 4
4_23_00 2, 10, 14, 6
2_31_00 4,12
3_6_00 14, 6, 10
1_22_12 4
5_13_14 11, 3, 7, 15, 8
1_8_08 10
8_17_16 9, 1, 5, 13, 10, 2, 6, 14
4_22_12 8, 16, 4, 12
4_15_18 13, 5, 9, 1
5_5_14 9, 1, 5, 13, 10
4_11_08 7, 15, 3, 11
4_20_02 2, 10, 14, 6
7_25_06 6, 14, 2, 10, 7, 15, 3
3_16_20 10, 2, 14
3_25_04 5, 13, 1
7_25_08 7, 15, 3, 11, 8, 16, 4
4_10_00 3, 11, 15, 7
7_27_04 5, 13, 1, 9, 14, 6, 10
4_5_08 6, 14, 2, 10
8_20_22 12, 4, 8, 16, 13, 5, 9, 1
1_12_14 14
1_4_10 10
8_2_00 1, 9, 13, 5, 2, 10, 14, 6
3_12_14 6, 14, 10
6_8_22 13, 5, 9, 1, 10, 2
6_27_02 4, 12, 16, 8, 5, 13
2_10_20 9, 1
6_17_00 1, 9, 13, 5, 2, 10
6_24_12 8, 16, 4, 12, 5, 13
1_20_14 12
7_12_22 14, 6, 10, 2, 3, 11, 15
3_26_22 10, 2, 6
6_7_04 4, 12, 16, 8, 5, 13
1_12_08 11
8_16_18 13, 5, 9, 1, 10, 2, 6, 14
2_15_18 13, 5
2_31_10 9, 1
4_1_14 8, 16, 4, 12
6_6_02 3, 11, 15, 7, 16, 8
5_17_14 8, 16, 4, 12, 9
8_28_08 7, 15, 3, 11, 8, 16, 4, 12
2_13_10 9, 1
7_22_06 5, 13, 1, 9, 2, 10, 14
7_17_12 7, 15, 3, 11, 8, 16, 4
3_20_06 16, 8, 4
8_14_12 10, 2, 6, 14, 7, 15, 3, 11
4_14_14 11, 3, 7, 15
3_14_08 4, 12, 16
4_22_08 6, 14, 2, 10
2_6_16 6, 14
6_13_20 14, 6, 10, 2, 11, 3
4_16_14 11, 3, 7, 15
5_7_08 6, 14, 2, 10, 15
5_30_12 10, 2, 6, 14, 3
8_22_08 6, 14, 2, 10, 7, 15, 3, 11
7_9_12 9, 1, 5, 13, 10, 2, 6
5_4_06 4, 12, 16, 8, 9
4_18_10 6, 14, 2, 10
3_27_14 10, 2, 14
1_15_04 14
7_17_10 6, 14, 2, 10, 7, 15, 3
2_2_02 14, 6
5_22_04 4, 12, 16, 8, 1
6_8_00 2, 10, 14, 6, 15, 7
8_15_10 9, 1, 5, 13, 6, 14, 2, 10
6_29_16 12, 4, 8, 16, 9, 1
1_23_08 14
3_1_14 8, 16, 4
